259
0.000000000 0.000000000
0.000000000 0.500000000
0.000000000 1.000000000
0.000000000 1.500000000
0.000000000 2.000000000
0.000000000 2.500000000
0.000000000 3.000000000
0.000000000 3.500000000
0.000000000 4.000000000
0.000000000 4.500000000
0.000000000 5.000000000
0.000000000 5.500000000
0.000000000 6.000000000
0.000000000 6.500000000
0.000000000 7.000000000
0.500000000 0.000000000
0.500000000 7.000000000
1.000000000 0.000000000
1.000000000 7.000000000
1.500000000 0.000000000
1.500000000 7.000000000
2.000000000 0.000000000
2.000000000 7.000000000
2.500000000 0.000000000
2.500000000 7.000000000
3.000000000 0.000000000
3.000000000 7.000000000
3.500000000 0.000000000
3.500000000 7.000000000
4.000000000 0.000000000
4.000000000 7.000000000
4.500000000 0.000000000
4.500000000 7.000000000
5.000000000 0.000000000
5.000000000 7.000000000
5.500000000 0.000000000
5.500000000 7.000000000
6.000000000 0.000000000
6.000000000 7.000000000
6.500000000 0.000000000
6.500000000 7.000000000
7.000000000 0.000000000
7.000000000 0.500000000
7.000000000 1.000000000
7.000000000 1.500000000
7.000000000 2.000000000
7.000000000 2.500000000
7.000000000 3.000000000
7.000000000 3.500000000
7.000000000 4.000000000
7.000000000 4.500000000
7.000000000 5.000000000
7.000000000 5.500000000
7.000000000 6.000000000
7.000000000 6.500000000
7.000000000 7.000000000
0.375371236 3.133305290
0.375968838 0.406858193
0.386597268 1.292792374
0.387236085 2.223821097
0.375896703 3.862807372
0.387572156 4.773829720
0.387134755 5.705207161
0.376387502 6.590987214
0.495667956 0.847996237
0.488026800 1.756367230
0.492848085 2.674665650
0.493248612 4.321789140
0.488959364 5.241013961
0.498355834 6.149147806
0.581095821 3.497374802
0.812922172 1.313307717
0.809977612 2.198902918
0.810748659 4.796149683
0.814707065 5.682811697
0.825118254 0.440476536
0.843542209 3.052510547
0.843769344 3.941393988
0.825866970 6.558469692
1.012340955 0.881585453
1.004450028 1.754164624
1.019289985 2.617734116
1.019949827 4.375577192
1.005970952 5.240553977
1.014732016 6.115677333
1.069803221 3.496273192
1.291333222 0.440922127
1.289322311 1.318035666
1.291800687 2.180710299
1.316605739 3.051091177
1.316774751 3.940520992
1.292766297 4.812178575
1.291081652 5.677331774
1.292265752 6.557633431
1.516623047 0.878820623
1.517705449 1.747842562
1.519010842 5.245699234
1.518527061 6.117906699
1.527768464 2.614128371
1.555561615 3.495360356
1.528317926 4.377306386
1.773460219 0.437939271
1.779444375 1.311771727
1.783847261 2.180078779
1.798950360 3.052521516
1.799083606 3.937888485
1.784583147 4.811822942
1.780843128 5.682951411
1.774286239 6.560410077
2.016337259 0.873916518
2.017658916 6.122483425
2.021060727 1.745183686
2.028395417 2.615666530
2.042832979 3.494994755
2.028753029 4.375065218
2.021993477 5.247778324
2.264210484 0.435790764
2.264794954 6.562429095
2.272817150 1.308799615
2.277718533 2.180007848
2.286668311 3.054354462
2.286748995 3.935705925
2.278188478 4.811546489
2.273750291 5.685666782
2.513689051 0.871649037
2.519637919 1.744015703
2.514481561 6.124626396
2.524854185 2.616777952
2.532209923 3.494928604
2.525048908 4.373812688
2.520190466 5.248806431
2.758625278 0.434854112
2.767153712 1.307376507
2.767652295 5.687051664
2.758953970 6.563313841
2.771736142 2.180117924
2.776749580 3.055260312
2.776781736 3.934791154
2.771964108 4.811421708
3.010014180 0.870544281
3.015833575 1.743443309
3.019353372 2.617296443
3.019406790 4.373342249
3.016050182 5.249409040
3.010367995 6.125711357
3.022571820 3.494949326
3.254465490 0.434356868
3.261565863 1.306605172
3.265421298 2.180031456
3.267595002 3.055612110
3.267576596 3.934496575
3.265433276 4.811566206
3.261687300 5.687850500
3.254565797 6.563795429
3.505823800 0.869931973
3.510830872 1.742973496
3.512796939 2.617294163
3.513077012 3.494970883
3.512718444 4.373392404
3.510746190 5.249919257
3.505807367 6.126327810
3.750600190 0.434083771
3.755675225 1.306089610
3.758566884 2.179650830
3.758213293 3.055486006
3.758143337 3.934646944
3.758374762 4.811973714
3.755454764 5.688381293
3.750490024 6.564065741
4.001395798 0.869631275
4.005321128 1.742477161
4.005657832 2.616782579
4.002970407 3.494975102
4.005447407 4.373912801
4.004944965 5.250424925
4.001030053 6.126631068
4.246199641 0.434036958
4.249234174 1.305810808
4.251039757 2.178977114
4.247774315 3.054895961
4.247653593 3.935245985
4.250642272 4.812655880
4.248674566 5.688668577
4.245871173 6.564122800
4.497047560 0.869795908
4.500010388 1.742049302
4.498432844 2.615772808
4.491537027 3.494998046
4.498083607 4.374962577
4.499330543 5.250890074
4.496309952 6.126496385
4.740166554 0.434433865
4.741890194 1.306119681
4.742622803 2.178091762
4.735313552 3.053799781
4.735146581 3.936465569
4.742011697 4.813658002
4.740977364 5.688450305
4.739597915 6.563772247
4.993412118 0.871078730
4.996125026 1.742129966
4.992077801 2.614184591
4.978068983 3.495136379
4.991577180 4.376831984
4.995127161 5.251052891
4.992271192 6.125354549
5.230325555 0.436117512
5.232823659 1.307889079
5.232822652 2.177327160
5.219276289 3.051768643
5.219064167 3.939008456
5.231999811 4.814922894
5.231579396 5.687022034
5.229522751 6.562212815
5.492044319 0.875152616
5.496124118 1.743586790
5.488868741 2.612030632
5.461613936 3.495579574
5.488195333 4.379875752
5.494852276 5.250327674
5.490532457 6.121652725
5.711697670 0.438862299
5.719974935 1.313252168
5.696686028 3.050143029
5.696432552 3.941979143
5.719069897 4.816618752
5.718552897 5.682448798
5.710762509 6.559704926
5.720046388 2.176804176
5.943040475 3.496566138
5.995221660 0.877655525
6.005400952 1.748926758
5.992302785 2.614958556
5.991522802 4.378883446
6.004034730 5.246380873
5.993549949 6.119871713
6.163886152 3.051569673
6.163617082 3.942907861
6.176798626 0.438660187
6.193254101 1.307965221
6.196292663 2.194710573
6.195501760 4.800816444
6.191945713 5.688932744
6.175973443 6.560339218
6.427191658 3.497665304
6.510555780 0.842886231
6.516586734 1.753235212
6.512042185 2.672073017
6.511602542 4.324797318
6.515707714 5.244541167
6.509095922 6.155347616
6.615264424 1.289529762
6.615020313 2.221656950
6.614685088 4.776360002
6.614711167 5.708967820
6.624362006 6.596118881
6.624905270 0.402731873
6.626892760 3.130481430
6.626404040 3.866097958
460
231 246 240
252 240 246
252 44 45
246 44 252
45 247 252
252 247 240
150 165 158
194 187 179
202 187 194
216 201 208
208 201 193
231 240 223
223 215 231
223 208 215
216 208 223
231 215 222
193 201 186
201 194 186
179 171 186
186 194 179
87 18 20
7 6 67
59 66 4
4 3 59
59 3 65
4 66 5
8 71 61
61 71 78
69 63 12
78 71 86
107 101 115
91 86 100
78 86 91
249 50 51
49 245 258
49 50 259
259 245 49
259 50 249
251 54 55
228 39 37
234 249 242
234 242 226
226 242 235
220 226 235
199 33 184
190 198 183
205 198 190
197 182 189
189 204 197
205 190 197
197 190 182
196 203 211
196 204 189
211 204 196
12 63 13
63 69 75
42 257 40
43 257 42
43 44 246
246 257 43
46 247 45
240 247 232
232 229 216
216 223 232
232 223 240
165 150 157
99 104 113
67 82 77
77 86 71
24 26 132
147 26 28
132 26 147
140 155 148
132 147 140
140 147 155
193 186 178
178 186 171
119 103 110
209 194 201
209 201 216
216 229 209
202 194 209
38 222 36
239 222 38
38 40 239
239 40 257
231 222 239
239 246 231
239 257 246
207 192 34
34 36 207
207 36 222
207 222 215
34 192 32
177 30 32
32 192 177
65 3 2
76 16 18
76 80 65
76 18 87
87 80 76
8 7 57
57 71 8
57 77 71
57 7 67
67 77 57
6 5 60
67 6 60
60 5 66
137 129 121
129 114 121
121 128 137
113 128 121
8 61 9
68 61 78
10 9 68
68 9 61
11 69 12
92 107 97
101 107 92
123 107 115
115 101 106
101 91 106
100 114 106
106 91 100
49 258 48
248 47 48
48 258 248
237 258 245
224 233 237
248 258 237
237 233 248
245 259 238
234 225 238
238 249 234
238 259 249
218 210 224
203 210 218
211 203 218
218 225 211
256 55 56
251 55 256
214 228 37
199 206 214
221 228 214
214 206 221
235 242 250
250 243 235
249 51 254
254 242 249
254 51 52
52 250 254
254 250 242
219 204 211
211 225 219
219 225 234
234 226 219
205 220 213
213 198 205
221 206 213
213 206 198
235 243 227
227 220 235
227 213 220
221 213 227
31 184 33
175 190 183
182 190 175
134 131 144
199 184 191
191 206 199
183 198 191
198 206 191
217 233 224
229 233 217
224 210 217
217 210 202
202 209 217
217 209 229
212 197 204
204 219 212
212 219 226
205 197 212
212 220 205
226 220 212
135 27 25
124 131 134
134 127 124
124 127 111
15 14 64
85 93 98
85 75 93
253 46 47
253 47 248
247 46 253
142 150 137
142 157 150
137 128 142
142 128 136
203 196 188
187 180 172
179 187 172
165 157 172
172 180 165
195 180 187
195 187 202
202 210 195
195 188 180
195 210 203
203 188 195
105 99 113
113 121 105
105 114 100
105 121 114
96 104 89
104 99 89
89 99 82
89 81 96
82 99 90
90 77 82
99 105 90
90 105 100
100 86 90
86 77 90
65 80 72
72 59 65
66 59 72
72 81 66
136 128 120
120 126 136
113 104 120
120 128 113
179 172 164
164 172 157
164 171 179
164 156 171
28 30 162
162 147 28
162 30 177
155 147 162
133 140 148
133 126 119
148 155 163
163 156 148
171 156 163
163 178 171
170 162 177
155 162 170
170 163 155
178 163 170
136 126 141
148 156 141
141 133 148
126 133 141
119 126 112
112 103 119
112 120 104
126 120 112
112 104 96
96 103 112
95 80 87
95 110 103
22 24 117
117 24 132
132 140 125
125 117 132
110 117 125
119 110 125
125 133 119
140 133 125
192 207 200
200 208 193
215 208 200
200 207 215
1 16 58
58 2 1
16 76 58
65 2 58
58 76 65
62 11 10
10 68 62
69 11 62
84 75 69
84 92 97
97 93 84
93 75 84
230 238 225
225 218 230
245 238 230
230 237 245
224 237 230
230 218 224
41 256 56
236 243 251
236 228 221
221 227 236
236 227 243
39 228 244
244 41 39
256 41 244
228 236 244
251 256 244
244 236 251
35 214 37
35 33 199
199 214 35
53 250 52
169 31 29
184 31 169
168 175 183
160 175 168
131 123 139
139 144 131
182 175 167
167 175 160
158 151 146
146 150 158
146 129 137
137 150 146
176 191 184
184 169 176
176 169 161
161 168 176
183 191 176
176 168 183
118 25 23
135 25 118
118 127 135
111 127 118
135 127 145
145 127 134
131 124 116
97 107 116
116 123 131
107 123 116
108 124 111
98 93 108
108 111 98
108 116 124
108 93 97
97 116 108
14 13 70
70 64 14
70 13 63
63 75 70
75 85 70
79 64 70
70 85 79
15 64 17
17 64 79
79 19 17
94 19 79
94 85 98
79 85 94
248 233 241
241 253 248
241 233 229
229 232 241
241 232 247
247 253 241
181 196 189
181 188 196
73 89 82
73 82 67
67 60 73
81 89 73
66 81 73
73 60 66
157 142 149
149 164 157
149 142 136
156 164 149
136 141 149
149 141 156
177 192 185
185 170 177
192 200 185
185 200 193
193 178 185
178 170 185
88 72 80
80 95 88
88 95 103
88 103 96
96 81 88
81 72 88
22 117 102
102 20 22
87 20 102
102 117 110
102 95 87
110 95 102
74 62 68
92 84 74
69 62 74
74 84 69
243 250 255
250 53 255
251 243 255
255 53 54
255 54 251
154 169 29
29 27 154
154 27 135
135 145 154
161 169 154
154 145 161
153 168 161
153 145 134
161 145 153
134 144 153
153 144 160
160 168 153
130 123 115
130 139 123
189 182 174
182 167 174
174 181 189
152 167 160
160 144 152
144 139 152
19 94 21
109 118 23
23 21 109
109 21 94
111 118 109
98 111 109
109 94 98
188 181 173
158 165 173
165 180 173
180 188 173
83 68 78
83 74 68
78 91 83
83 91 101
101 92 83
92 74 83
129 146 138
138 146 151
181 174 166
166 151 158
158 173 166
166 173 181
159 174 167
167 152 159
151 166 159
159 166 174
122 138 130
115 106 122
122 130 115
129 138 122
122 114 129
122 106 114
143 159 152
139 130 143
143 152 139
130 138 143
143 138 151
151 159 143
