108
0.000000000 0.000000000
0.000000000 0.777777778
0.000000000 1.555555556
0.000000000 2.333333333
0.000000000 3.111111111
0.000000000 3.888888889
0.000000000 4.666666667
0.000000000 5.444444444
0.000000000 6.222222222
0.000000000 7.000000000
0.777777778 0.000000000
0.777777778 7.000000000
1.555555556 0.000000000
1.555555556 7.000000000
2.333333333 0.000000000
2.333333333 7.000000000
3.111111111 0.000000000
3.111111111 7.000000000
3.888888889 0.000000000
3.888888889 7.000000000
4.666666667 0.000000000
4.666666667 7.000000000
5.444444444 0.000000000
5.444444444 7.000000000
6.222222222 0.000000000
6.222222222 7.000000000
7.000000000 0.000000000
7.000000000 0.777777778
7.000000000 1.555555556
7.000000000 2.333333333
7.000000000 3.111111111
7.000000000 3.888888889
7.000000000 4.666666667
7.000000000 5.444444444
7.000000000 6.222222222
7.000000000 7.000000000
0.607858845 0.679490364
0.607901147 6.321069352
0.631711106 2.054325593
0.636090541 3.500172253
0.631654329 4.946108240
0.822238609 1.369213170
0.801798182 2.779196817
0.801684094 4.221280205
0.821680909 5.631452530
1.327978600 0.706873723
1.335812243 2.104510374
1.327297949 3.500436220
1.335482318 4.896333104
1.327975944 6.293351227
1.646759187 1.418785747
1.641964510 2.808552697
1.641783201 4.192534617
1.646336035 5.581823491
2.069586283 0.713946503
2.104499616 2.121455085
2.102413337 3.500692121
2.104236766 4.879587210
2.069586179 6.286366216
2.453343137 1.422065890
2.470847166 2.812872434
2.470751537 4.188523570
2.453130805 5.578677945
2.834363046 0.712015773
2.834462292 6.288346542
2.895974882 2.118901272
2.904554928 3.500779156
2.895884002 4.882293390
3.252805733 1.417714141
3.288379785 2.810333255
3.288383099 4.191143085
3.252836691 5.583093872
3.616083189 0.709438045
3.616321693 6.290945625
3.699318424 2.114284095
3.716210915 3.500763897
3.699414062 4.886897435
4.049703552 1.412923128
4.049939988 5.587851299
4.098667932 2.807204045
4.098761864 4.194151258
4.412212677 0.704875260
4.412571054 6.295491350
4.513089568 2.107277331
4.535658570 3.500637247
4.513326549 4.893737234
4.843013221 1.402643485
4.843361054 5.598002532
4.899212731 2.800637899
4.899351056 4.200399868
5.228213900 0.691842446
5.340531904 2.085765493
5.364155864 3.500405427
5.340807871 4.914924243
5.228623563 6.308468153
5.625926336 1.371850953
5.670885927 2.778801690
5.671000375 4.221767786
5.626241340 5.628586197
6.082451300 0.644200246
6.082793940 6.356045131
6.187661866 2.024587415
6.197026466 3.500141136
6.187827618 4.975672993
6.365944332 1.288585058
6.358981463 2.753811660
6.359037034 4.246372358
6.366075252 5.711596622
178
91 21 23
101 24 95
28 29 105
28 25 27
105 29 102
97 92 102
100 28 105
25 28 100
23 25 100
100 91 23
40 6 5
1 37 2
11 37 1
15 55 13
13 55 46
46 11 13
37 11 46
46 55 51
61 52 56
39 4 3
24 101 26
26 35 36
101 35 26
98 107 104
96 92 87
87 91 96
105 102 96
96 102 92
96 100 105
91 100 96
87 92 84
10 38 12
9 38 10
45 9 8
38 9 45
14 59 16
18 16 65
65 16 59
63 59 54
72 65 63
63 65 59
50 59 14
14 12 50
50 12 38
54 59 50
50 45 54
38 45 50
44 7 6
44 6 40
40 48 44
44 48 53
82 19 21
82 91 87
21 91 82
30 102 29
51 56 47
47 56 52
42 39 3
3 2 42
42 2 37
42 46 51
37 46 42
51 47 42
42 47 39
43 5 4
4 39 43
40 5 43
43 48 40
52 48 43
43 47 52
39 47 43
57 52 61
57 48 52
57 62 53
53 48 57
64 15 17
55 15 64
61 56 66
66 70 61
75 70 66
66 69 75
33 107 32
34 104 33
33 104 107
31 32 103
32 107 103
103 93 97
103 107 98
98 93 103
34 35 108
108 35 101
108 104 34
95 83 88
75 84 80
76 70 80
80 70 75
80 85 76
97 93 89
89 93 85
89 92 97
89 84 92
85 80 89
89 80 84
72 63 68
62 71 68
7 44 41
8 7 41
41 45 8
22 20 83
95 24 22
22 83 95
74 20 18
18 65 74
74 65 72
83 20 74
75 69 78
78 82 87
87 84 78
78 84 75
61 70 67
67 57 61
67 70 76
76 71 67
67 71 62
62 57 67
17 19 73
73 64 17
69 64 73
19 82 73
73 78 69
82 78 73
55 64 60
51 55 60
60 56 51
60 64 69
60 66 56
69 66 60
31 103 106
106 103 97
106 30 31
97 102 106
102 30 106
104 108 99
95 88 99
99 101 95
99 108 101
90 93 98
85 93 90
72 68 77
77 68 71
62 68 58
58 68 63
53 62 58
58 63 54
49 44 53
49 41 44
53 58 49
49 58 54
54 45 49
45 41 49
98 104 94
104 99 94
94 90 98
94 99 88
72 77 79
79 74 72
83 74 79
79 88 83
86 94 88
90 94 86
88 79 86
86 79 77
76 85 81
85 90 81
81 71 76
81 77 71
90 86 81
81 86 77
