1520
0.000000000 0.000000000
0.000000000 0.200000000
0.000000000 0.400000000
0.000000000 0.600000000
0.000000000 0.800000000
0.000000000 1.000000000
0.000000000 1.200000000
0.000000000 1.400000000
0.000000000 1.600000000
0.000000000 1.800000000
0.000000000 2.000000000
0.000000000 2.200000000
0.000000000 2.400000000
0.000000000 2.600000000
0.000000000 2.800000000
0.000000000 3.000000000
0.000000000 3.200000000
0.000000000 3.400000000
0.000000000 3.600000000
0.000000000 3.800000000
0.000000000 4.000000000
0.000000000 4.200000000
0.000000000 4.400000000
0.000000000 4.600000000
0.000000000 4.800000000
0.000000000 5.000000000
0.000000000 5.200000000
0.000000000 5.400000000
0.000000000 5.600000000
0.000000000 5.800000000
0.000000000 6.000000000
0.000000000 6.200000000
0.000000000 6.400000000
0.000000000 6.600000000
0.000000000 6.800000000
0.000000000 7.000000000
0.200000000 0.000000000
0.200000000 7.000000000
0.400000000 0.000000000
0.400000000 7.000000000
0.600000000 0.000000000
0.600000000 7.000000000
0.800000000 0.000000000
0.800000000 7.000000000
1.000000000 0.000000000
1.000000000 7.000000000
1.200000000 0.000000000
1.200000000 7.000000000
1.400000000 0.000000000
1.400000000 7.000000000
1.600000000 0.000000000
1.600000000 7.000000000
1.800000000 0.000000000
1.800000000 7.000000000
2.000000000 0.000000000
2.000000000 7.000000000
2.200000000 0.000000000
2.200000000 7.000000000
2.400000000 0.000000000
2.400000000 7.000000000
2.600000000 0.000000000
2.600000000 7.000000000
2.800000000 0.000000000
2.800000000 7.000000000
3.000000000 0.000000000
3.000000000 7.000000000
3.200000000 0.000000000
3.200000000 7.000000000
3.400000000 0.000000000
3.400000000 7.000000000
3.600000000 0.000000000
3.600000000 7.000000000
3.800000000 0.000000000
3.800000000 7.000000000
4.000000000 0.000000000
4.000000000 7.000000000
4.200000000 0.000000000
4.200000000 7.000000000
4.400000000 0.000000000
4.400000000 7.000000000
4.600000000 0.000000000
4.600000000 7.000000000
4.800000000 0.000000000
4.800000000 7.000000000
5.000000000 0.000000000
5.000000000 7.000000000
5.200000000 0.000000000
5.200000000 7.000000000
5.400000000 0.000000000
5.400000000 7.000000000
5.600000000 0.000000000
5.600000000 7.000000000
5.800000000 0.000000000
5.800000000 7.000000000
6.000000000 0.000000000
6.000000000 7.000000000
6.200000000 0.000000000
6.200000000 7.000000000
6.400000000 0.000000000
6.400000000 7.000000000
6.600000000 0.000000000
6.600000000 7.000000000
6.800000000 0.000000000
6.800000000 7.000000000
7.000000000 0.000000000
7.000000000 0.200000000
7.000000000 0.400000000
7.000000000 0.600000000
7.000000000 0.800000000
7.000000000 1.000000000
7.000000000 1.200000000
7.000000000 1.400000000
7.000000000 1.600000000
7.000000000 1.800000000
7.000000000 2.000000000
7.000000000 2.200000000
7.000000000 2.400000000
7.000000000 2.600000000
7.000000000 2.800000000
7.000000000 3.000000000
7.000000000 3.200000000
7.000000000 3.400000000
7.000000000 3.600000000
7.000000000 3.800000000
7.000000000 4.000000000
7.000000000 4.200000000
7.000000000 4.400000000
7.000000000 4.600000000
7.000000000 4.800000000
7.000000000 5.000000000
7.000000000 5.200000000
7.000000000 5.400000000
7.000000000 5.600000000
7.000000000 5.800000000
7.000000000 6.000000000
7.000000000 6.200000000
7.000000000 6.400000000
7.000000000 6.600000000
7.000000000 6.800000000
7.000000000 7.000000000
0.149906901 0.163107154
0.149981198 1.253917518
0.148963474 2.643076250
0.148695794 3.950244966
0.147463180 5.049842857
0.148272031 5.331989734
0.146724862 6.058920856
0.146956900 6.337625265
0.154119243 0.517410494
0.154509872 0.889948261
0.150287762 1.542521658
0.154419696 1.907991089
0.154373292 2.282921689
0.150576714 2.935058612
0.153914113 3.299296119
0.149916017 3.663229995
0.153650572 4.312607645
0.153299057 4.687245592
0.151730774 5.696116032
0.151257125 6.694591633
0.199539957 0.340043876
0.195434950 0.702901230
0.197477712 1.070192941
0.197363891 1.726261895
0.194993977 2.094746333
0.199657303 2.460572141
0.197487632 3.117376560
0.197283625 3.480821480
0.196083473 4.133179411
0.193102584 4.499887575
0.194829702 4.866609229
0.194122096 5.514012258
0.193291992 5.876037728
0.198202134 6.517375635
0.228942189 6.850435643
0.234209135 1.397549659
0.231948576 2.787160747
0.233350228 3.808554621
0.233350796 5.188862711
0.233518475 6.197647736
0.329379585 0.176210747
0.325060249 0.525947690
0.323791080 0.879859801
0.323391522 1.914470637
0.324166980 2.268858791
0.324437548 3.298694580
0.321556598 4.323777446
0.320657433 4.676118249
0.319350481 5.692392506
0.337903474 1.219905281
0.337914100 1.573857503
0.337582097 2.609883954
0.337313884 2.961972020
0.337294037 3.634243148
0.336460337 3.986008362
0.334769837 5.011852303
0.334534502 5.361869774
0.332846724 6.022047226
0.335418399 6.369476646
0.336801837 6.682651982
0.405896929 0.352779002
0.402604069 0.701984358
0.409217094 1.046452229
0.409064136 1.745913841
0.402182457 2.090384942
0.409839921 2.435330998
0.406947051 4.158669016
0.399092535 4.500156716
0.405237970 4.840434963
0.405756029 5.527362605
0.404235714 5.854395423
0.428839552 2.784081469
0.410495798 3.131066707
0.410424376 3.465542947
0.428943135 3.811927321
0.426999119 5.184780050
0.426475255 6.194539986
0.419034245 6.527600449
0.430211665 1.395956425
0.447484360 6.841244108
0.516153302 0.176341448
0.515911868 0.527251746
0.517445102 0.871769801
0.528426846 1.218152889
0.528220923 1.572015173
0.517150810 1.918412885
0.517369686 2.260121829
0.528044125 2.606119349
0.528388540 2.957581911
0.522062591 3.298245964
0.528150503 3.638586233
0.526738868 3.988860891
0.514740751 4.331619401
0.513836914 4.668695457
0.524536172 5.009222427
0.524334752 5.355757604
0.516521441 5.689673884
0.522726033 6.021710251
0.529570808 6.360842972
0.542747496 6.683679414
0.607467861 0.351438449
0.608348032 0.698634933
0.609293683 2.088446113
0.606392940 4.500473965
0.609600164 4.838264911
0.609862504 5.854811434
0.613650287 1.043767866
0.625329398 1.394294879
0.613424662 1.744826714
0.613807832 2.431756278
0.624812926 2.780644000
0.616389115 3.127525411
0.616194277 3.468798619
0.624369869 3.814827149
0.611431278 4.161397433
0.621594730 5.181430438
0.610986362 5.521776783
0.622766525 6.190042576
0.628506519 6.521682866
0.660416879 6.840253432
0.709406832 0.175126957
0.712556067 0.524257365
0.715417461 0.870399038
0.722719952 1.217600816
0.722509518 1.569557945
0.715801140 1.915867866
0.715988273 2.259341734
0.722614822 2.604712480
0.723712095 2.953980737
0.720429176 3.298181968
0.723326967 3.641849563
0.721301268 3.989568401
0.713667561 4.331366243
0.712757112 4.669579152
0.718922778 5.008660680
0.719242639 5.351521754
0.714638519 5.687505372
0.718789980 6.020705356
0.727561935 6.355274450
0.747944850 6.679646697
0.807624137 0.349270441
0.810502062 0.696780479
0.814972585 1.043347003
0.821383971 1.393019379
0.815095105 1.742221700
0.812555634 2.087047454
0.815461628 2.431432178
0.821671740 2.778876634
0.817876056 3.125988164
0.817658630 3.470134344
0.821002435 3.816144050
0.813555418 4.160945175
0.810054974 4.500761468
0.811817020 4.839084013
0.817987502 5.179813980
0.812544266 5.519133173
0.812063044 5.853307711
0.821146127 6.187057899
0.833907589 6.516612227
0.867888296 6.838519073
0.906237057 0.174247838
0.910857843 0.522611544
0.914271645 0.869606002
0.919251892 1.217429077
0.919255459 1.567443029
0.915356518 1.914156437
0.915557117 2.258838875
0.919661781 2.604585016
0.920635267 2.952532727
0.918911081 3.298084093
0.920201281 3.643036844
0.918480027 3.989107363
0.913623212 4.331112132
0.912791584 4.670161458
0.916170677 5.009157638
0.916232687 5.349625873
0.913615291 5.685754644
0.916980714 6.019071555
0.927501120 6.351154328
0.951664013 6.676688101
1.007257068 0.348197233
1.011044573 0.695811968
1.014836663 1.043124364
1.018643000 1.392086059
1.015380331 1.740501069
1.013906183 2.086191460
1.015778689 2.431451833
1.019311660 2.778468765
1.017586924 3.125348089
1.017370578 3.470563454
1.018623245 3.816172769
1.014264624 4.160337732
1.011865798 4.500853296
1.012706938 4.839781366
1.015704083 5.179455732
1.012781748 5.517561903
1.012869845 5.851883507
1.020658095 6.184370551
1.037108775 6.513278437
1.072092243 6.837562361
1.104695287 0.173875461
1.109832196 0.521807370
1.113370283 0.869233303
1.116968532 1.217198419
1.117194783 1.566175883
1.115010992 1.913098951
1.115216748 2.258659649
1.117714889 2.604774906
1.118446923 2.952053398
1.117504183 3.297984935
1.118030477 3.643257396
1.116717941 3.988473077
1.113659908 4.330738306
1.112931497 4.670530921
1.114608705 5.009621517
1.114460705 5.348688228
1.113019471 5.684479555
1.116310471 6.017443054
1.127959640 6.348304477
1.154052089 6.674954649
1.206792151 0.347720146
1.210900147 0.695386037
1.214189457 1.043009707
1.216672487 1.391504619
1.215076460 1.739496353
1.214261439 2.085754185
1.215456793 2.431648510
1.217477023 2.778450768
1.216701426 3.125097718
1.216506102 3.470603951
1.216859003 3.815877310
1.214267794 4.159709893
1.212633576 4.500789857
1.212914214 4.840232093
1.214236178 5.179283991
1.212612379 5.516571387
1.213222032 5.850642733
1.220685412 6.182397699
1.238947336 6.511259903
1.274475344 6.837046487
1.303892589 0.173726421
1.309098984 0.521471840
1.312577584 0.869098588
1.315341720 1.217067715
1.315737826 1.565451462
1.314582234 1.912532006
1.314766061 2.258671463
1.316273313 2.605029978
1.316777654 2.951905476
1.316258419 3.297888038
1.316412109 3.643174711
1.315463437 3.987882891
1.313531302 4.330341175
1.312907867 4.670680353
1.313624263 5.009848747
1.313357747 5.348079424
1.312700003 5.683497453
1.316160489 6.016146144
1.328436157 6.346531918
1.355509258 6.673948805
1.406344193 0.347538226
1.410490525 0.695242177
1.413405204 1.043000558
1.415205994 1.391189135
1.414521996 1.738951040
1.414106681 2.085581639
1.414863612 2.431871562
1.416025364 2.778545880
1.415682904 3.124978954
1.415516640 3.470531237
1.415507179 3.815531693
1.413933794 4.159176345
1.412811092 4.500630443
1.412787668 4.840409173
1.413260024 5.179099051
1.412358095 5.515827144
1.413414445 5.849668269
1.420862288 6.181094130
1.439995883 6.510081740
1.475830270 6.836760735
1.503428690 0.173684868
1.508508966 0.521367002
1.511854679 0.869099845
1.514111538 1.217028889
1.514616358 1.565073072
1.514062333 1.912257619
1.514220453 2.258758561
1.515125403 2.605254351
1.515457696 2.951874349
1.515165955 3.297801615
1.515153381 3.643011185
1.514480516 3.987409627
1.513242667 4.329982281
1.512720606 4.670659146
1.512928505 5.009870158
1.512639154 5.347597375
1.512517073 5.682731145
1.516192313 6.015220740
1.528799170 6.345469019
1.556376828 6.673372608
1.605940675 0.347496898
1.609994051 0.695237587
1.612632586 1.043052262
1.614070500 1.391045920
1.613881698 1.738679539
1.613703603 2.085538078
1.614183397 2.432062669
1.614855585 2.778650562
1.614706960 3.124917712
1.614570805 3.470428918
1.614436287 3.815231641
1.613455033 4.158759321
1.612673221 4.500429516
1.612504691 4.840400930
1.612577026 5.178869645
1.612111160 5.515242809
1.613513955 5.848944663
1.621033798 6.180265677
1.640588644 6.509400282
1.676601719 6.836602498
1.703123714 0.173691070
1.708001678 0.521371814
1.711194958 0.869163102
1.713137671 1.217047743
1.713703459 1.564895273
1.713494814 1.912140097
1.713630283 2.258855854
1.714173934 2.605423404
1.714386277 2.951880277
1.714217190 3.297728856
1.714140663 3.642847631
1.713664913 3.987054523
1.712856225 4.329680708
1.712426835 4.670546270
1.712389120 5.009766145
1.712137561 5.347193716
1.712383510 5.682149483
1.716248950 6.014584887
1.729037159 6.344835230
1.756881800 6.673042255
1.805581189 0.347518599
1.809489473 0.695293245
1.811923415 1.043128926
1.813159683 1.390999538
1.813236930 1.738557060
1.813196176 2.085547689
1.813503531 2.432205673
1.813894974 2.778734635
1.813830849 3.124881380
1.813721967 3.470331502
1.813561811 3.814996487
1.812932180 4.158445224
1.812379323 4.500228114
1.812159019 4.840296838
1.812066465 5.178626767
1.811882221 5.514788393
1.813540589 5.848423613
1.821146893 6.179740179
1.840914277 6.509002790
1.877038900 6.836513806
1.902896873 0.173716628
1.907552655 0.521422321
1.910598232 0.869246799
1.912340677 1.217093234
1.912935708 1.564823895
1.912921300 1.912099354
1.913038261 2.258937932
1.913366546 2.605540412
1.913499200 2.951892912
1.913396774 3.297669886
1.913304423 3.642710119
1.912966745 3.986795296
1.912426982 4.329438834
1.912079945 4.670400302
1.911941707 5.009610510
1.911755160 5.346862314
1.912255336 5.681718135
1.916272372 6.014152177
1.929169499 6.344451133
1.957164745 6.672850244
2.005260164 0.347564344
2.009010532 0.695368233
2.011290842 1.043208787
2.012408335 1.391000577
2.012625760 1.738510002
2.012661751 2.085573639
2.012862411 2.432304933
2.013091880 2.778793436
2.013063266 3.124856448
2.012977431 3.470249841
2.012829931 3.814820340
2.012414693 4.158212947
2.012018591 4.500048098
2.011797306 4.840159526
2.011656936 5.178401853
2.011664030 5.514442368
2.013507415 5.848053321
2.021193460 6.179401895
2.041078233 6.508765758
2.077281532 6.836463297
2.102711795 0.173747687
2.107150822 0.521486428
2.110063004 0.869329769
2.111672756 1.217145627
2.112277337 1.564804529
2.112369000 1.912092915
2.112470742 2.258999383
2.112670800 2.605617038
2.112751973 2.951902604
2.112686496 3.297623132
2.112599228 3.642602358
2.112358195 3.986608316
2.111990659 4.329250477
2.111715182 4.670255612
2.111552058 5.009449666
2.111437098 5.346599386
2.112114919 5.681403195
2.116248764 6.013856629
2.129219801 6.344212392
2.157309725 6.672736485
2.204971810 0.347615037
2.208569656 0.695442647
2.210732325 1.043280838
2.211774486 1.391021025
2.212062736 1.738498436
2.212139088 2.085600539
2.212273410 2.432370632
2.212408679 2.778831269
2.212394204 3.124837348
2.212327213 3.470185105
2.212204303 3.814691083
2.211923969 4.158042742
2.211637738 4.499897710
2.211440291 4.840023743
2.211306722 5.178210813
2.211449087 5.514183852
2.213426478 5.847791445
2.221180947 6.179179986
2.241140099 6.508621104
2.277408293 6.836434418
2.302551493 0.173777542
2.306789137 0.521548583
2.309584583 0.869402402
2.311102084 1.217194534
2.311704354 1.564808008
2.311851001 1.912099838
2.311939776 2.259042489
2.312063069 2.605665260
2.312111483 2.951907684
2.312067203 3.297586487
2.311992731 3.642520667
2.311820000 3.986473977
2.311565804 4.329106727
2.311351279 4.670128250
2.311199854 5.009306023
2.311152776 5.346396853
2.311956967 5.681175691
2.316180390 6.013653692
2.329207643 6.344060807
2.357366496 6.672668580
2.404710512 0.347661437
2.408168250 0.695507361
2.410238519 1.043340437
2.411228512 1.391046247
2.411549158 1.738501724
2.411644232 2.085622959
2.411736546 2.432412637
2.411816356 2.778854037
2.411807042 3.124821830
2.411755200 3.470135213
2.411658061 3.814597115
2.411465597 4.157918663
2.411258283 4.499777450
2.411094565 4.839904967
2.410990529 5.178057300
2.411231712 5.513993722
2.413307352 5.847607063
2.421119392 6.179032823
2.441133789 6.508532148
2.477463792 6.836418807
2.502407102 0.173802866
2.506460833 0.521601424
2.509155015 0.869460833
2.510604607 1.217235069
2.511197446 1.564819235
2.511369589 1.912110132
2.511446804 2.259071295
2.511523429 2.605694478
2.511551066 2.951908956
2.511519535 3.297557990
2.511459498 3.642459829
2.511335770 3.986377611
2.511158471 4.328998719
2.510995063 4.670023453
2.510870839 5.009187392
2.510883838 5.346244560
2.511779954 5.681013115
2.516072720 6.013514686
2.529146680 6.343964382
2.557364123 6.672629505
2.604470344 0.347699007
2.607801443 0.695558360
2.609796713 1.043385938
2.610746968 1.391068818
2.611078517 1.738509282
2.611179512 2.085639423
2.611244224 2.432438441
2.611290697 2.778866647
2.611282934 3.124808923
2.611243162 3.470097415
2.611169090 3.814529223
2.611035965 4.157828706
2.610886719 4.499684326
2.610758616 4.839808064
2.610691187 5.177938738
2.611006584 5.513856144
2.613155651 5.847478693
2.621016281 6.178936135
2.641078091 6.508479407
2.677473295 6.836412522
2.702272896 0.173821896
2.706158073 0.521641414
2.708763574 0.869503643
2.710159788 1.217264976
2.710738788 1.564830338
2.710919382 1.912118958
2.710985804 2.259089286
2.711033154 2.605711139
2.711047427 2.951907588
2.711023975 3.297535976
2.710977466 3.642415116
2.710889561 3.986308772
2.710766165 4.328918847
2.710645199 4.669941176
2.710552821 5.009094413
2.710617152 5.346132759
2.711581804 5.680898932
2.715929194 6.013421386
2.729044625 6.343905591
2.757318857 6.672610656
2.804244699 0.347725378
2.807460447 0.695593817
2.809392196 1.043416773
2.810309196 1.391084831
2.810639401 1.738515513
2.810738700 2.085649698
2.810784128 2.432453041
2.810809786 2.778872491
2.810802152 3.124798084
2.810771954 3.470069190
2.810717289 3.814480625
2.810625772 4.157764177
2.810520297 4.499614336
2.810425813 4.839732926
2.810394800 5.177850380
2.810767280 5.513758879
2.812972490 5.847391740
2.820874797 6.178875745
2.840982129 6.508452788
2.877450762 6.836414021
2.902144161 0.173833577
2.905871610 0.521666684
2.908397308 0.869530215
2.909748402 1.217283035
2.910310569 1.564837007
2.910489635 1.912123792
2.910545526 2.259098837
2.910573433 2.605719286
2.910578731 2.951904459
2.910560638 3.297519083
2.910525902 3.642382785
2.910464800 3.986260201
2.910380544 4.328861081
2.910294678 4.669879253
2.910233572 5.009024800
2.910340996 5.346053209
2.911358034 5.680821363
2.915749396 6.013362258
2.928903714 6.343874961
2.957238603 6.672608094
3.004026138 0.347739116
3.007133843 0.695612680
3.009008802 1.043432551
3.009895468 1.391091999
3.010217069 1.738517246
3.010310005 2.085653766
3.010340715 2.432459467
3.010352459 2.778873658
3.010344326 3.124788889
3.010321722 3.470048486
3.010283043 3.814446510
3.010221918 4.157718916
3.010150302 4.499563611
3.010085880 4.839677458
3.010088070 5.177787255
3.010505365 5.513692818
3.012754514 5.847336395
3.020693426 6.178843419
3.040848243 6.508447430
3.077403238 6.836423114
3.102016331 0.173837159
3.105590845 0.521675983
3.108041478 0.869539997
3.109351380 1.217288312
3.109894303 1.564836651
3.109899773 5.008975374
3.110065798 1.912123124
3.110110992 2.259101315
3.110124741 2.605721253
3.110123461 2.951900057
3.110109025 3.297506217
3.110084247 3.642360041
3.110043831 3.986226923
3.109989158 4.328820831
3.109932412 4.669834922
3.110043068 5.345999345
3.111101060 5.680772128
3.115528585 6.013330039
3.128721202 6.343867618
3.157125454 6.672620541
3.203806412 0.347739131
3.206808321 0.695614018
3.208629145 1.043432683
3.209485997 1.391088720
3.209794346 1.738512488
3.209877868 2.085651493
3.209896060 2.432459370
3.209897419 2.778871284
3.209888368 3.124780944
3.209871832 3.470033726
3.209846390 3.814423545
3.209808571 4.157688619
3.209763968 4.499528819
3.209725714 4.839638984
3.209756896 5.177744881
3.210209935 5.513651262
3.212494121 5.847306076
3.220466036 6.178834488
3.240673529 6.508461490
3.277333306 6.836440408
3.301884677 0.173831998
3.305304013 0.521668179
3.307679895 0.869532190
3.308949202 1.217279815
3.309470525 1.564827494
3.309630561 1.912115877
3.309664502 2.259097325
3.309666552 2.605718226
3.309659755 2.951894547
3.309647835 3.297496524
3.309631495 3.642344900
3.309607765 3.986205587
3.309576594 4.328794703
3.309544275 4.669805474
3.309536541 5.008942907
3.309709515 5.345966009
3.310800010 5.680745370
3.315257715 6.013320157
3.328489753 6.343881390
3.356977115 6.672648318
3.403576581 0.347724401
3.406469161 0.695596717
3.408234722 1.043416230
3.409060396 1.391073625
3.409352173 1.738499806
3.409424088 2.085642555
3.409430382 2.432453452
3.409422748 2.778865841
3.409412351 3.124773870
3.409400774 3.470023773
3.409386618 3.814409514
3.409367850 4.157670356
3.409345680 4.499507255
3.409329919 4.839614815
3.409385698 5.177719389
3.409867436 5.513629192
3.412179715 5.847296267
3.420182025 6.178846421
3.440450633 6.508494937
3.477240449 6.836467034
3.501744271 0.173817474
3.504998423 0.521642022
3.507295159 0.869505604
3.508521581 1.217256345
3.509018688 1.564808119
3.509164579 1.912101140
3.509186350 2.259086905
3.509177262 2.605710601
3.509165058 2.951887853
3.509154873 3.297489366
3.509145885 3.642336049
3.509136521 3.986194051
3.509125304 4.328780273
3.509113880 4.669788485
3.509127314 5.008924372
3.509324517 5.345949053
3.510440764 5.680736754
3.514923541 6.013329646
3.528197618 6.343915710
3.556787680 6.672692781
3.603327201 0.347693837
3.606100589 0.695559338
3.607805999 1.043381841
3.608597427 1.391045362
3.608869998 1.738478031
3.608928605 2.085626427
3.608922457 2.432441743
3.608905695 2.778857330
3.608893452 3.124767315
3.608886119 3.470017888
3.608882136 3.814403088
3.608880348 4.157662272
3.608877860 4.499496810
3.608881273 4.839602423
3.608957204 5.177707375
3.609461684 5.513622605
3.611795920 5.847303608
3.619826381 6.178877883
3.640168080 6.508548877
3.677121815 6.836504512
3.701590065 0.173792962
3.704660736 0.521596044
3.706868895 0.869458608
3.708047325 1.217216422
3.708517164 1.564777261
3.708647043 1.912078049
3.708655404 2.259069650
3.708634247 2.605698193
3.708615978 2.951879722
3.708607038 3.297484319
3.708604818 3.642332775
3.708608982 3.986191160
3.708616288 4.328775942
3.708623249 4.669781840
3.708653979 5.008916906
3.708870216 5.345944869
3.710006087 5.680742697
3.714508690 6.013356288
3.727828596 6.343970900
3.756547973 6.672756014
3.803048579 0.347646255
3.805686114 0.695500080
3.807322512 1.043327728
3.808074882 1.391002502
3.808326135 1.738446147
3.808370153 2.085602395
3.808349990 2.432423723
3.808322624 2.778845373
3.808307969 3.124760972
3.808304580 3.470015716
3.808310504 3.814403734
3.808325647 4.157663445
3.808341739 4.499495908
3.808361247 4.839599384
3.808452514 5.177705599
3.808974019 5.513627875
3.811323764 5.847325090
3.819379572 6.178927978
3.839810229 6.508625112
3.876972653 6.836554689
3.901417034 0.173757841
3.904277295 0.521528556
3.906382005 0.869389122
3.907504299 1.217158269
3.907943353 1.564733763
3.908056228 1.912045775
3.908049666 2.259044758
3.908014017 2.605680305
3.907988260 2.951869752
3.907980411 3.297481182
3.907984895 3.642334946
3.908003279 3.986196684
3.908029813 4.328780869
3.908053554 4.669783655
3.908097213 5.008917588
3.908326877 5.345949903
3.909475854 5.680759628
3.913991639 6.013397810
3.927361730 6.344047572
3.956245571 6.672840647
4.002731068 0.347580421
4.005208910 0.695416802
4.006763036 1.043251687
4.007469581 1.390943565
4.007698158 1.738403315
4.007726930 2.085569581
4.007690064 2.432398342
4.007649068 2.778829226
4.007631428 3.124754598
4.007632144 3.470017308
4.007648591 3.814411736
4.007682907 4.157673893
4.007718235 4.499503449
4.007750684 4.839603194
4.007851405 5.177710597
4.008383630 5.513641111
4.010740864 5.847357218
4.018817254 6.178995469
4.039356886 6.508725737
4.076786527 6.836619715
4.101220353 0.173711544
4.103834523 0.521437730
4.105815004 0.869294664
4.106869461 1.217079863
4.107273842 1.564676669
4.107370127 1.912003592
4.107346924 2.259011023
4.107292451 2.605655674
4.107256856 2.951857399
4.107250423 3.297480004
4.107262052 3.642343075
4.107297165 3.986211424
4.107346258 4.328795007
4.107386017 4.669792138
4.107437035 5.008923103
4.107673258 5.345960101
4.108827405 5.680783183
4.113346628 6.013450934
4.126770673 6.344145936
4.155864480 6.672949681
4.202365440 0.347495158
4.204652307 0.695307134
4.206105837 1.043151144
4.206757388 1.390867144
4.206963411 1.738349044
4.206977421 2.085526979
4.206919695 2.432363911
4.206859828 2.778807713
4.206838770 3.124748034
4.206844303 3.470023176
4.206872795 3.814428346
4.206931627 4.157694751
4.206989051 4.499518789
4.207030716 4.839610975
4.207132836 5.177718189
4.207668102 5.513657450
4.210021728 5.847394994
4.218109744 6.179077759
4.238782466 6.508852630
4.276555406 6.836702021
4.300995562 0.173653651
4.303319416 0.521321775
4.305148472 0.869172456
4.306118916 1.216979032
4.306484622 1.564605488
4.306567259 1.911951051
4.306525597 2.258966743
4.306445097 2.605622296
4.306395998 2.951841948
4.306392098 3.297481139
4.306411723 3.642358448
4.306468485 3.986237509
4.306547214 4.328819273
4.306603127 4.669805419
4.306653580 5.008929270
4.306887199 5.345970310
4.308036127 5.680807252
4.312543555 6.013510102
4.326022651 6.344264790
4.355384321 6.673086248
4.401943289 0.347389568
4.404000463 0.695168679
4.405329049 1.043023266
4.405913210 1.390772169
4.406099705 1.738283546
4.406101536 2.085473508
4.406016587 2.432317859
4.405929054 2.778779057
4.405904620 3.124741241
4.405916352 3.470034387
4.405959247 3.814456099
4.406052640 4.157728665
4.406138174 4.499541783
4.406184048 4.839619078
4.406275656 5.177722913
4.406804292 5.513670246
4.409138317 5.847430582
4.417221282 6.179169376
4.438054558 6.509006595
4.476269600 6.836804284
4.500738657 0.173584039
4.502720121 0.521179270
4.504363680 0.869019617
4.505227925 1.216853657
4.505551307 1.564520692
4.505627791 1.911888288
4.505565866 2.258909564
4.505447472 2.605577067
4.505379207 2.951822470
4.505380356 3.297485314
4.505408919 3.642383335
4.505495675 3.986278950
4.505616954 4.328855906
4.505690279 4.669821335
4.505728106 5.008930447
4.505946440 5.345973613
4.507076443 5.680822787
4.511547965 6.013565631
4.525076880 6.344399899
4.554778711 6.673253144
4.601457473 0.347263400
4.603239285 0.694999411
4.604411218 1.042865168
4.604910834 1.390658403
4.605086314 1.738208388
4.605082227 2.085408126
4.604960186 2.432256306
4.604830171 2.778740614
4.604803632 3.124734367
4.604823781 3.470052670
4.604883870 3.814499311
4.605029463 4.157780487
4.605153976 4.499572914
4.605196742 4.839622544
4.605259473 5.177717339
4.605769746 5.513670156
4.608061183 5.847451466
4.616109085 6.179259668
4.637131606 6.509185841
4.675917485 6.836929329
4.700445959 0.173503135
4.702026570 0.521009761
4.703443406 0.868833574
4.704170734 1.216702049
4.704449256 1.564424655
4.704535078 1.911816628
4.704451248 2.258836240
4.704275267 2.605515221
4.704179082 2.951797798
4.704190328 3.297493725
4.704228076 3.642421249
4.704358188 3.986342533
4.704544391 4.328909044
4.704637993 4.669837136
4.704644196 5.008918691
4.704829684 5.345960633
4.705923424 5.680816300
4.710321312 6.013601016
4.723882345 6.344541365
4.754012120 6.673451887
4.800902534 0.347117739
4.802357741 0.694798437
4.803332119 1.042674361
4.803722411 1.390527392
4.803905443 1.738127728
4.803907905 2.085330140
4.803733182 2.432173457
4.803535456 2.778688516
4.803510998 3.124727888
4.803542783 3.470080499
4.803622053 3.814564784
4.803850154 4.157858330
4.804032214 4.499613432
4.804060715 4.839614219
4.804065559 5.177691232
4.804544954 5.513644129
4.806761629 5.847437947
4.814722301 6.179329307
4.835959422 6.509383257
4.875484741 6.837079881
4.900113439 0.173412395
4.901231037 0.520814935
4.902372967 0.868612933
4.902919947 1.216523775
4.903153412 1.564323479
4.903277805 1.911739824
4.903170723 2.258742493
4.902904258 2.605429567
4.902766632 2.951766650
4.902797685 3.297508155
4.902842377 3.642477141
4.903036601 3.986439107
4.903325669 4.328985472
4.903444860 4.669848835
4.903388976 5.008882416
4.903517776 5.345918839
4.904555358 5.680768025
4.908821794 6.013589086
4.922374875 6.344669504
4.953033991 6.673680855
5.000275029 0.346956336
5.001349792 0.694567583
5.002074043 1.042449834
5.002317213 1.390384424
5.002544521 1.738050806
5.002576154 2.085240159
5.002323832 2.432060976
5.002014978 2.778617398
5.002003359 3.124722976
5.002051130 3.470121009
5.002147582 3.814662603
5.002510005 4.157974939
5.002780424 4.499665212
5.002777299 4.839583090
5.002677492 5.177630360
5.003116901 5.513574387
5.005215686 5.847359860
5.013001059 6.179345343
5.034466424 6.509581803
5.074952548 6.837258031
5.099734782 0.173315233
5.100328308 0.520600939
5.101141385 0.868359409
5.101444959 1.216321456
5.101637431 1.564230682
5.101852875 1.911666789
5.101721635 2.258623478
5.101309573 2.605309775
5.101109791 2.951728268
5.101178931 3.297531091
5.101222106 3.642557199
5.101511998 3.986585168
5.101967536 4.329095217
5.102121347 4.669849615
5.101953865 5.008803964
5.101994655 5.345831962
5.102957528 5.680649861
5.107006032 6.013486917
5.120473728 6.344749018
5.151767942 6.673931876
5.199573696 0.346788264
5.200217416 0.694314625
5.200624073 1.042194402
5.200659026 1.390242476
5.200999997 1.737997001
5.201099669 2.085142748
5.200729853 2.431907977
5.200234502 2.778520752
5.200260848 3.124722375
5.200330060 3.470177363
5.200430253 3.814806578
5.201015817 4.158149079
5.201424626 4.499729641
5.201362467 4.839510938
5.201080767 5.177514785
5.201484685 5.513437783
5.203411068 5.847172719
5.210875872 6.179255045
5.232558323 6.509747413
5.274293506 6.837464203
5.299296570 0.173218923
5.299314687 0.520383000
5.299742361 0.868081749
5.299708390 1.216104303
5.299871201 1.564174376
5.300269043 1.911617491
5.300113436 2.258476165
5.299463670 2.605142524
5.299170572 2.951684395
5.299311764 3.297565744
5.299331308 3.642667260
5.299763778 3.986804230
5.300491540 4.329251295
5.300694357 4.669826278
5.300333673 5.008655420
5.300247075 5.345680315
5.301127289 5.680423822
5.304831679 6.013229975
5.318078255 6.344722180
5.350092738 6.674184598
5.398799570 0.346633238
5.398975871 0.694059548
5.398978567 1.041919166
5.398701058 1.390129341
5.399283928 1.738005609
5.399516100 2.085052850
5.398965560 2.431703173
5.398151995 2.778393263
5.398272152 3.124732374
5.398368972 3.470250606
5.398431382 3.815012973
5.399393175 4.158405985
5.400019972 4.499804579
5.399854805 4.839366467
5.399259799 5.177317602
5.399668574 5.513207382
5.401359015 5.846814474
5.408267431 6.178980130
5.430115260 6.509819623
5.473463043 6.837695468
5.498767066 0.173138527
5.498184215 0.520194211
5.498174254 0.867802829
5.497658548 1.215893682
5.497814541 1.564209809
5.498550553 1.911634641
5.498371899 2.258306153
5.497331720 2.604914355
5.496900117 2.951644541
5.497175607 3.297615507
5.497121581 3.642807628
5.497763992 3.987126314
5.498938320 4.329467250
5.499211657 4.669753255
5.498521056 5.008393525
5.498261066 5.345445927
5.499080056 5.680044055
5.502260166 6.012727417
5.515065549 6.344504111
5.547810614 6.674398361
5.597957056 0.346531868
5.597664082 0.693845838
5.597153049 1.041650146
5.596376557 1.390098068
5.597435712 1.738152324
5.597904921 2.085009452
5.597075757 2.431442123
5.595712572 2.778238042
5.596047237 3.124767125
5.596177152 3.470333689
5.596096208 3.815294277
5.597699491 4.158774419
5.598667908 4.499878189
5.598328046 4.839099166
5.597189108 5.177009479
5.597725865 5.512863266
5.599114854 5.846207096
5.605085874 6.178415606
5.626999316 6.509702327
5.672382224 6.837941870
5.698071043 0.173104395
5.696918531 0.520101477
5.696437226 0.867570795
5.695214097 1.215728471
5.695402052 1.564437082
5.696737176 1.911803466
5.696541770 2.258143535
5.694861307 2.604620549
5.694230197 2.951638129
5.694752517 3.297682821
5.694520820 3.642958453
5.695464047 3.987582099
5.697368595 4.329748848
5.697741417 4.669586175
5.696489719 5.007962045
5.696010800 5.345134186
5.696855604 5.679472519
5.699257390 6.011864638
5.711289656 6.343987360
5.744599272 6.674500168
5.797059642 0.346564332
5.796367501 0.693759236
5.795205783 1.041435686
5.793583049 1.390235668
5.795543176 1.738571538
5.796416459 2.085099482
5.795163967 2.431146489
5.792842474 2.778082772
5.793647653 3.124858963
5.793813118 3.470398226
5.793341789 3.815639396
5.796048856 4.159274470
5.797542586 4.499918506
5.796909900 4.838641737
5.794814091 5.176589351
5.795781085 5.512428173
5.796816335 5.845277366
5.801227551 6.177445169
5.823090391 6.509255317
5.870903405 6.838180164
5.897034699 0.173179321
5.895462077 0.520230637
5.894522697 0.867475001
5.892234776 1.215662156
5.892507253 1.565017051
5.894869819 1.912277654
5.894678850 2.258072601
5.891960365 2.604287910
5.891056287 2.951740860
5.892027700 3.297767814
5.891413763 3.643049002
5.892763540 3.988174800
5.895849778 4.330079646
5.896351607 4.669259567
5.894149005 5.007321813
5.893434532 5.344845489
5.894520792 5.678726083
5.895788291 6.010536823
5.906585463 6.343064563
5.939945395 6.674368250
5.996154156 0.346889035
5.995269380 0.693954104
5.993295619 1.041347257
5.990160293 1.390660488
5.993781804 1.739471394
5.995322339 2.085493546
5.993448868 2.430896068
5.989445504 2.778029286
5.991255275 3.125076046
5.991453240 3.470373764
5.990046422 3.815959433
5.994653908 4.159875376
5.996934004 4.499872920
5.995807804 4.837935102
5.992011415 5.176170651
5.994093606 5.512078899
5.994753029 5.844019631
5.996574771 6.175994975
6.018380957 6.508305395
6.068741760 6.838346889
6.088462839 1.215741654
6.088864260 1.566174646
6.088434443 2.604027046
6.087208882 2.952159257
6.088978092 3.297866430
6.087612183 3.642873120
6.089439796 3.988821296
6.095263321 0.173483513
6.093666272 0.520828157
6.092381122 0.867641159
6.092929445 1.913297976
6.092809606 2.258260109
6.094385660 4.330374446
6.095039742 4.668743223
6.091232571 5.006502764
6.090370994 5.344939491
6.092169328 5.678053158
6.091793397 6.008675887
6.100776108 6.341742663
6.133081232 6.673819778
6.185871008 1.391503853
6.185398254 2.778360423
6.186039354 3.815981863
6.188498846 5.176069927
6.195381242 0.347816720
6.194790495 0.694708812
6.191804043 1.041424125
6.192497162 1.741158424
6.195115095 2.086412253
6.192364078 2.430899028
6.189337339 3.125680658
6.189555072 3.469992755
6.193914393 4.160422376
6.197291204 4.499664518
6.195387772 4.837061501
6.193169617 5.512474301
6.193566557 5.842642500
6.190947250 6.174088772
6.213195632 6.506813467
6.265344843 6.838445328
6.283369804 1.215844451
6.283884482 1.568292243
6.283825164 2.604131995
6.282325222 2.953566071
6.285635731 3.297985829
6.282728979 3.641748165
6.284979863 3.989273195
6.287126308 5.005803680
6.286293225 5.346314943
6.287155470 6.006425262
6.291868666 0.174322459
6.291146034 0.522282001
6.289853892 0.868282430
6.290708901 1.915099247
6.290745954 2.258918182
6.292713726 4.330512567
6.293495116 4.668042994
6.289938951 5.678222473
6.293574115 6.340194390
6.322943181 6.673190816
6.380307433 1.392824731
6.380466284 2.780177357
6.389078975 3.127241833
6.389306762 3.468712321
6.380997258 3.814628696
6.383726058 5.177635872
6.384121676 6.172108837
6.395204040 0.349903212
6.395839343 0.696388824
6.391676861 1.041778518
6.392484890 1.743929050
6.396702280 2.088063390
6.392705277 2.431354665
6.394558696 4.160823506
6.399395061 4.499262935
6.396256870 4.836089665
6.393953461 5.514628485
6.394628254 5.842066203
6.408193003 6.505398913
6.459928487 6.839438272
6.484869488 0.175554769
6.486929951 0.525205552
6.486281897 0.869519879
6.475886969 1.216503201
6.476285362 1.570931154
6.487396779 1.918051615
6.487668773 2.259952801
6.476655032 2.605691822
6.475749228 2.957372906
6.482029389 3.298126178
6.476099457 3.638371205
6.477803562 3.988483982
6.489890098 4.330826707
6.480002125 5.006348606
6.480277314 5.350915040
6.487468158 5.680009629
6.481623798 6.004716370
6.484262690 6.340310485
6.490703819 4.666944575
6.507869529 6.672977682
6.573788405 1.394758592
6.574496119 2.784024649
6.574689460 3.811512475
6.576887571 5.181376385
6.575355602 6.174455242
6.596505751 0.351301707
6.600407839 0.699704477
6.594455130 1.044569042
6.594939121 1.745457963
6.602073535 2.090480546
6.595440297 2.435297456
6.593141206 3.131281141
6.593323858 3.465145502
6.597358949 4.158188027
6.605117559 4.498975921
6.599054966 4.838142485
6.598595799 5.521738365
6.600035506 5.841301918
6.605249439 6.506525775
6.664514406 1.218582668
6.664587196 1.573177123
6.665243351 2.609902947
6.664854083 2.962602176
6.665103052 3.633611236
6.666181100 3.985574850
6.668011961 5.009160798
6.668536249 5.358318857
6.651252552 6.834621801
6.671286229 0.175567976
6.676907411 0.523886838
6.678230894 0.877917375
6.679095375 1.914478989
6.679095496 2.269456206
6.678037161 3.298590408
6.681255925 4.323081827
6.682150226 4.674562308
6.684984292 5.685272161
6.670929451 6.005114117
6.672009170 6.349354409
6.690022205 6.664832421
6.768156030 1.396697983
6.769040235 2.788209674
6.768329460 3.807875038
6.768440119 5.186072387
6.761119393 6.180182618
6.802600565 0.338211517
6.805994780 0.701641824
6.804110744 1.068947630
6.804391117 1.726185662
6.807006479 2.094970328
6.804162575 2.462402218
6.804313327 3.117406655
6.804548687 3.480635144
6.805972290 4.132439504
6.809072721 4.499086845
6.807336430 4.865402873
6.808691686 5.510126325
6.810716306 5.870957007
6.813925112 6.493684553
6.846470116 0.516245767
6.846225548 0.889013210
6.846491833 1.908006607
6.846465054 2.283730089
6.847079728 3.299235766
6.847415715 4.311796782
6.847770671 4.686577103
6.849333933 6.673547211
6.832975324 6.848013010
6.850419000 0.161668012
6.850896901 1.252619279
6.850516402 1.542473123
6.851937954 2.645556571
6.850554579 2.935181026
6.851164639 3.662949541
6.852283875 3.949312633
6.854017429 5.048399503
6.853156868 5.328658666
6.849967123 5.692736970
6.857580729 6.055460304
6.857126173 6.311804275
2898
122 123 1493
1493 123 1514
166 13 153
158 24 170
1504 122 1493
1087 1047 1067
1067 1047 1027
90 88 1180
135 1498 134
124 1514 123
1375 1334 1354
172 29 28
30 173 31
300 280 320
320 340 300
260 300 44
280 300 260
320 280 299
455 435 475
826 786 805
484 464 504
605 645 626
625 645 605
805 786 765
708 668 687
688 668 708
12 153 13
12 11 165
165 153 12
23 170 24
314 333 354
21 169 22
493 453 473
473 513 493
433 412 452
452 473 433
433 473 453
432 472 452
452 412 432
43 45 301
221 241 201
9 164 10
484 505 465
47 49 381
381 49 421
122 1504 121
1483 124 1515
1514 124 1483
1515 1465 1483
1483 1465 1443
1493 1514 1464
1514 1483 1464
1464 1483 1443
841 821 861
801 821 841
903 883 863
1027 1047 1007
791 770 810
752 770 791
847 827 867
830 850 810
870 850 830
1070 1089 1110
1110 1090 1070
1130 1090 1110
990 1009 1030
950 930 910
870 889 910
950 910 929
929 910 889
793 773 754
1053 1074 1034
1034 1013 1053
994 1013 1034
1092 1113 1073
92 90 1220
1220 90 1180
76 74 900
78 980 80
1180 88 1140
1057 1097 1078
96 1340 98
1300 1340 96
134 1498 1518
1378 1399 1359
1407 1399 1378
1407 1378 1390
1390 1378 1358
1494 1465 1515
1455 1433 1475
1455 1476 1439
1475 1495 1455
1495 1476 1455
1375 1354 1397
1397 1416 1375
1439 1416 1397
1456 1416 1439
1439 1476 1456
1466 1434 1456
1456 1434 1416
1456 1496 1466
1476 1496 1456
1506 1476 1495
129 1496 1506
1506 1496 1476
159 30 29
159 29 172
172 189 159
173 30 159
159 189 173
46 340 48
44 300 46
46 300 340
36 35 175
175 35 160
42 260 44
64 62 660
58 580 60
320 299 339
298 318 338
378 359 338
595 574 614
614 635 595
555 595 575
574 595 555
594 574 554
614 574 594
474 453 493
496 516 536
476 516 496
495 516 476
495 476 455
455 475 495
495 475 515
867 827 846
846 826 866
502 462 481
641 662 622
484 504 524
524 505 484
523 563 544
544 504 523
564 524 544
544 524 504
665 645 625
626 645 666
666 646 626
685 665 705
645 665 685
706 666 685
685 666 645
625 605 585
564 604 585
585 604 625
603 583 623
563 583 603
827 847 807
747 765 786
786 766 747
727 708 687
686 666 706
646 666 686
586 566 546
586 605 626
587 566 606
626 646 606
606 586 626
566 586 606
546 566 526
526 506 546
486 506 526
648 668 688
688 669 648
648 669 629
629 608 648
629 609 589
589 608 629
549 568 589
589 568 608
729 751 710
590 609 630
14 13 166
206 192 166
18 168 19
214 231 194
194 168 214
370 330 350
350 330 310
389 369 349
310 330 290
310 290 270
466 506 486
445 465 485
485 465 505
485 466 445
506 466 485
25 24 158
157 23 22
22 169 157
169 187 157
170 23 157
157 187 170
146 28 27
172 28 146
146 197 172
333 314 293
170 187 208
208 187 233
144 21 20
144 20 178
169 21 144
178 195 144
144 195 169
254 231 271
207 187 169
169 195 207
233 187 207
207 195 232
531 491 511
490 530 511
451 491 472
472 432 451
550 570 530
590 570 550
449 430 409
369 389 409
470 430 449
472 491 512
512 491 531
493 513 533
414 394 434
453 474 434
412 433 393
6 163 7
37 141 1
1 141 2
3 2 161
161 2 141
4 162 5
182 161 201
41 221 39
43 301 261
261 41 43
221 41 261
241 221 261
181 221 201
201 161 181
181 161 141
39 221 181
181 37 39
141 37 181
508 488 468
487 508 468
468 447 487
203 163 183
225 191 219
219 191 176
59 581 57
983 1003 963
67 741 65
763 743 783
723 743 763
683 723 704
63 661 61
61 661 621
621 59 61
581 59 621
621 661 641
641 661 681
681 662 641
642 663 623
642 622 662
421 49 51
321 301 341
47 381 341
341 45 47
341 301 45
401 381 421
55 501 53
53 501 461
461 51 53
421 51 461
461 501 481
481 501 521
521 502 481
422 462 442
118 1491 117
1473 1491 1451
1462 1451 1491
120 121 1492
1492 121 1504
1493 1464 1453
1205 1186 1165
1226 1186 1205
1163 1184 1144
1244 1225 1204
1204 1224 1244
1184 1224 1204
1244 1224 1264
1323 1303 1350
1283 1303 1323
115 1502 114
114 1502 1489
1489 1502 1472
1472 1502 1490
1490 115 116
1502 115 1490
1395 1370 1352
1212 1232 1252
1110 1089 1129
1231 1250 1271
1271 1251 1231
1271 1290 1311
1250 1290 1271
1311 1291 1271
1291 1251 1271
1443 1465 1432
106 1509 105
1486 106 107
1509 106 1486
105 1509 103
1469 1486 1446
1509 1486 1469
101 103 1469
1469 103 1509
109 1487 108
1348 1391 1365
95 1348 1301
1408 1392 1365
1365 1391 1408
97 1348 95
1391 1348 97
91 1221 89
1201 1221 1241
1241 1222 1201
1061 81 83
1181 1141 87
87 89 1181
1181 89 1221
1221 1201 1181
1161 1141 1181
1181 1201 1161
1081 1041 1061
1102 1142 1122
71 821 69
71 73 861
861 821 71
69 821 781
781 67 69
741 67 781
781 821 801
881 841 861
881 902 862
862 841 881
801 841 822
822 841 862
862 842 822
822 842 802
782 822 802
801 822 782
77 941 75
882 903 863
863 842 882
862 902 882
882 842 862
1165 1186 1146
1146 1125 1165
1065 1084 1105
1104 1084 1064
1064 1083 1104
1027 1007 987
947 966 987
988 948 967
967 1007 988
947 987 967
967 987 1007
866 885 906
886 907 867
867 846 886
886 846 866
866 906 886
1065 1105 1085
1085 1105 1125
1027 987 1006
1006 987 966
966 986 1006
1006 986 1026
911 891 871
931 891 911
831 791 810
810 850 831
831 850 871
828 808 788
788 807 828
828 847 868
828 807 847
789 808 829
908 888 868
928 908 948
888 908 928
709 750 729
709 669 688
769 750 789
769 751 729
729 750 769
708 727 749
1029 1009 989
989 1008 1029
1029 1048 1069
1008 1048 1029
1030 1009 1049
1049 1070 1030
1089 1070 1049
1009 1029 1049
1069 1089 1049
1049 1029 1069
1091 1072 1051
1051 1071 1091
1150 1130 1110
1110 1129 1150
1150 1190 1170
1170 1130 1150
1170 1191 1151
1151 1130 1170
1191 1171 1151
971 952 931
970 930 950
950 990 970
950 929 969
969 990 950
1009 990 969
989 1009 969
813 773 793
1014 1035 995
1014 994 1034
1055 1035 1075
1055 1076 1036
1055 1075 1095
1095 1076 1055
1075 1035 1054
1094 1075 1054
1054 1074 1094
1034 1074 1054
1054 1014 1034
1035 1014 1054
1116 1095 1135
1116 1076 1095
1036 1076 1056
1052 1092 1073
1072 1092 1052
1113 1092 1132
1094 1074 1114
1114 1134 1094
1094 1134 1115
1135 1095 1115
1115 1075 1094
1095 1075 1115
1331 1363 1347
1331 1291 1311
1374 1354 1333
1374 1397 1354
1373 1332 1347
1292 1273 1252
1200 1220 1180
614 594 634
634 594 613
919 939 899
938 919 898
76 900 940
960 980 940
940 78 76
980 78 940
860 74 72
860 900 74
880 900 860
915 955 935
935 895 915
916 895 935
917 897 877
937 897 917
1060 1040 1080
1019 1040 1000
1000 980 960
1080 1040 1059
1059 1040 1019
86 1140 88
1100 1060 1080
84 1060 1100
1100 86 84
1140 86 1100
1080 1059 1099
1099 1059 1079
1420 102 100
1380 98 1340
1380 100 98
1420 100 1380
137 138 1499
1499 138 1507
94 1300 96
92 1220 1260
1260 94 92
1300 94 1260
1438 1399 1407
1419 1399 1438
1379 1339 1359
1359 1399 1379
1379 1399 1419
1477 1518 1498
1497 1518 1477
134 1518 133
133 1518 1497
1389 1435 1417
1377 1390 1358
1498 1478 1458
1458 1477 1498
1407 1390 1437
1437 1458 1478
1406 1435 1389
1389 1364 1406
1415 1455 1439
1433 1455 1415
1439 1397 1415
1397 1374 1415
130 1496 129
420 52 50
160 35 34
33 174 34
34 174 160
218 174 199
199 239 218
36 175 38
38 175 40
200 175 160
200 174 218
160 174 200
147 32 31
180 32 147
31 173 147
173 198 147
147 198 180
33 32 148
148 32 180
148 174 33
180 199 148
148 199 174
211 237 246
211 189 237
173 189 211
211 198 173
238 211 246
198 211 238
259 299 280
218 239 259
66 64 700
700 64 660
457 478 438
457 477 497
497 478 457
538 559 519
519 559 539
578 538 558
559 538 578
54 52 460
460 52 420
420 440 460
460 440 480
520 539 560
620 60 580
620 640 660
62 60 620
660 62 620
400 440 420
319 298 338
319 339 299
338 359 319
359 339 319
318 298 278
278 238 246
278 298 258
258 238 278
534 555 515
554 574 534
574 555 534
515 555 535
535 495 515
516 495 535
535 555 575
515 475 494
494 534 515
865 885 845
845 826 805
866 826 845
845 885 866
904 884 864
864 883 904
944 964 924
924 904 944
884 904 924
483 503 523
523 504 483
483 504 464
463 503 483
542 521 561
502 521 542
562 583 543
523 503 543
543 563 523
543 583 563
582 542 561
562 542 582
803 763 783
803 824 784
784 763 803
864 884 844
844 824 864
844 884 865
705 724 745
664 683 704
625 604 644
644 665 625
706 685 725
725 747 706
765 747 725
725 745 765
725 685 705
705 745 725
564 585 545
545 524 564
505 524 545
623 663 643
643 603 623
663 683 643
683 664 643
584 544 563
563 603 584
584 604 564
564 544 584
748 766 787
827 807 787
806 766 786
786 826 806
826 846 806
806 787 766
806 846 827
827 787 806
668 648 628
628 648 608
627 607 587
587 606 627
627 606 646
587 607 567
726 766 748
726 747 766
706 747 726
726 686 706
547 566 587
547 526 566
587 567 547
528 568 549
528 488 508
569 589 609
569 609 590
569 529 549
549 589 569
590 550 569
569 550 529
729 710 689
689 709 729
669 709 689
730 710 751
730 770 752
751 770 730
690 710 730
672 652 632
632 651 672
651 691 672
672 691 712
166 192 143
143 14 166
192 177 143
15 14 143
143 177 15
349 369 329
329 309 349
329 350 310
369 350 329
250 206 227
16 15 154
15 177 154
154 167 16
212 177 192
212 251 229
228 206 250
192 206 228
228 212 192
251 212 228
165 11 152
152 184 165
11 10 152
152 10 164
164 184 152
20 19 156
178 20 156
156 19 168
156 194 178
168 194 156
16 167 17
178 194 215
215 194 231
231 254 215
215 195 178
232 195 215
215 254 232
271 231 253
253 290 271
253 270 290
230 270 253
253 231 214
214 230 253
252 270 230
252 213 229
230 213 252
549 529 509
509 528 549
509 469 488
488 528 509
449 469 489
489 470 449
489 509 529
469 509 489
234 209 188
188 208 234
158 170 188
170 208 188
179 146 27
197 146 179
354 394 374
374 394 414
334 314 354
354 374 334
334 374 355
335 355 375
314 334 294
235 275 256
415 435 455
396 375 415
476 496 456
456 496 477
244 208 233
234 208 244
233 207 255
255 207 232
291 331 312
291 254 271
471 451 431
491 451 471
490 511 471
471 511 491
431 451 411
411 451 432
530 570 551
531 511 551
551 511 530
370 350 390
390 410 370
430 410 390
390 409 430
390 350 369
369 409 390
472 512 492
513 473 492
452 472 492
492 473 452
552 512 531
454 435 414
414 434 454
454 475 435
454 434 474
454 494 475
474 494 454
412 393 372
354 333 373
373 394 354
413 393 433
413 433 453
453 434 413
413 434 394
394 373 413
413 373 393
271 290 311
311 290 330
311 291 271
331 291 311
150 6 5
163 6 150
183 163 150
150 162 183
5 162 150
9 8 151
151 8 176
176 191 151
151 164 9
151 191 164
142 8 7
176 8 142
7 163 142
149 4 3
3 161 149
161 182 149
162 4 149
149 182 162
201 241 222
222 182 201
241 262 222
222 262 242
183 162 202
162 182 202
202 222 242
182 222 202
281 301 321
281 261 301
321 302 281
281 302 262
281 262 241
241 261 281
488 469 448
448 468 488
463 483 443
464 424 443
443 483 464
223 203 183
183 202 223
223 202 242
305 285 265
265 284 305
225 265 249
249 265 285
325 285 305
983 963 943
943 962 983
762 743 722
762 782 802
762 802 783
783 743 762
722 742 762
742 782 762
722 743 703
703 683 663
703 743 723
723 683 703
704 723 744
723 763 744
744 763 784
744 724 704
701 741 721
721 681 701
65 741 701
701 681 661
701 63 65
661 63 701
663 642 682
722 703 682
682 703 663
682 642 662
622 642 602
562 582 602
602 582 622
602 583 562
623 583 602
602 642 623
382 401 422
342 302 321
342 382 362
441 401 421
421 461 441
422 401 441
441 461 481
441 462 422
481 462 441
541 581 561
561 521 541
57 581 541
541 521 501
541 55 57
501 55 541
423 442 463
463 443 423
422 442 402
402 382 422
362 382 402
402 383 362
402 423 383
442 423 402
1451 1462 1428
118 119 1512
1512 119 1482
1482 1462 1512
1512 1491 118
1512 1462 1491
1513 119 120
1482 119 1513
120 1492 1513
1442 1462 1482
1402 1428 1442
1442 1428 1462
1344 1371 1329
1385 1372 1345
1310 1329 1345
1345 1371 1385
1345 1329 1371
1346 1331 1311
1363 1331 1346
1431 1464 1443
1431 1453 1464
1283 1264 1243
1243 1264 1224
1185 1204 1225
1185 1205 1165
1225 1205 1185
1242 1222 1262
1241 1281 1262
1262 1222 1241
1182 1142 1161
1161 1201 1182
1182 1201 1222
1263 1223 1242
1263 1303 1283
1283 1243 1263
1263 1243 1223
1244 1264 1284
1324 1284 1304
1304 1284 1264
1304 1264 1283
1283 1323 1304
1226 1205 1245
1245 1205 1225
1266 1246 1226
1226 1245 1266
1266 1245 1285
114 1489 113
1461 1441 1481
1425 1441 1461
1473 1490 1503
1503 1490 116
1503 1491 1473
116 117 1503
1503 117 1491
1450 1490 1473
1472 1490 1450
1450 1426 1472
1412 1426 1450
1324 1304 1341
1341 1304 1323
1369 1395 1352
1412 1395 1369
1382 1425 1411
1232 1212 1192
1152 1171 1192
1231 1251 1211
1211 1191 1231
1211 1171 1191
1211 1192 1171
1211 1251 1232
1232 1192 1211
1190 1150 1169
1169 1150 1129
1250 1230 1270
1310 1290 1270
1270 1290 1250
1210 1230 1250
1210 1191 1170
1170 1190 1210
1190 1230 1210
1231 1191 1210
1210 1250 1231
1454 1432 1465
1475 1433 1454
1454 1494 1475
1465 1494 1454
1443 1432 1405
1405 1431 1443
1087 1067 1107
1107 1086 1126
1067 1086 1107
1127 1108 1087
1087 1107 1127
1126 1146 1166
1166 1146 1186
101 1469 1421
1421 1408 1391
1421 1469 1446
1446 1408 1421
107 108 1500
1500 1486 107
1500 108 1487
111 1488 110
1471 1447 1487
1423 1447 1471
1510 1488 111
111 112 1510
1510 112 1481
95 1301 93
1261 1221 91
91 93 1261
1261 93 1301
1261 1301 1281
1261 1281 1241
1241 1221 1261
1350 1366 1393
1409 1366 1392
1409 1447 1423
1423 1393 1409
1409 1393 1366
1365 1392 1349
1392 1366 1349
1021 81 1061
1061 1041 1021
1023 1003 983
1022 1042 1002
983 962 1002
1002 1023 983
1042 1023 1002
87 1141 85
1102 1081 1121
1121 1142 1102
1161 1142 1121
1121 1141 1161
1022 1041 1062
1041 1081 1062
1062 1081 1102
1062 1042 1022
1103 1122 1143
1183 1163 1143
1082 1122 1103
1102 1122 1082
1082 1062 1102
1042 1062 1082
721 741 761
741 781 761
761 742 721
761 781 801
801 782 761
761 782 742
823 842 863
823 803 783
783 802 823
802 842 823
73 75 901
861 73 901
901 881 861
901 75 941
903 882 922
922 943 903
962 943 922
922 942 962
922 882 902
902 942 922
1003 1024 984
944 963 984
984 963 1003
984 964 944
1004 964 984
984 1024 1004
985 964 1004
1004 1025 985
1044 1025 1004
1004 1024 1044
1044 1084 1065
1065 1025 1044
1064 1084 1044
1044 1024 1064
1124 1105 1084
1124 1104 1144
1084 1104 1124
1123 1104 1083
1123 1083 1103
1123 1163 1144
1144 1104 1123
1103 1143 1123
1123 1143 1163
925 906 885
926 966 947
947 907 926
907 886 926
926 886 906
1045 1025 1065
1065 1085 1045
1026 1045 1066
1066 1045 1085
1046 1006 1026
1026 1066 1046
1046 1066 1086
1046 1086 1067
1046 1067 1027
1027 1006 1046
890 911 871
870 910 890
890 910 930
930 911 890
890 850 870
871 850 890
893 874 853
853 873 893
912 932 892
912 891 931
931 952 912
952 932 912
872 891 912
912 892 872
793 754 772
712 691 731
851 831 871
871 891 851
851 891 872
808 828 848
848 829 808
868 888 848
848 828 868
848 888 869
869 829 848
789 829 809
809 769 789
927 907 947
947 967 927
927 967 948
948 908 927
968 928 948
968 948 988
988 1008 968
968 1008 989
909 889 869
909 929 889
869 888 909
888 928 909
728 709 688
750 709 728
688 708 728
708 749 728
767 807 788
788 749 767
767 749 727
767 727 748
748 787 767
767 787 807
1068 1047 1087
1087 1108 1068
1152 1132 1112
1112 1132 1092
1112 1092 1072
1072 1091 1112
1131 1151 1171
1131 1112 1091
1131 1171 1152
1152 1112 1131
1111 1091 1071
1111 1071 1090
1111 1131 1091
1151 1131 1111
1090 1130 1111
1130 1151 1111
952 971 992
930 970 951
931 911 951
951 911 930
951 971 931
1010 990 1030
1010 970 990
773 813 794
794 755 773
833 813 793
833 873 853
853 813 833
733 754 773
773 755 733
733 713 754
733 755 714
1076 1116 1096
1096 1056 1076
1073 1053 1033
1033 1052 1073
1033 1053 1013
1012 1052 1033
1013 993 1033
1033 993 1012
1051 1072 1032
1072 1052 1032
1032 1052 1012
1012 992 1032
1155 1195 1175
1155 1175 1135
1135 1115 1155
1155 1115 1134
1093 1114 1074
1073 1113 1093
1093 1053 1073
1074 1053 1093
1254 1274 1294
1334 1315 1294
1376 1417 1398
1389 1417 1376
1314 1293 1333
1333 1354 1314
1314 1354 1334
1334 1294 1314
1274 1293 1314
1314 1294 1274
1414 1454 1433
1432 1454 1414
1332 1373 1353
1353 1374 1333
1291 1331 1312
1312 1331 1347
1347 1332 1312
1332 1292 1312
1313 1292 1332
1333 1293 1313
1313 1293 1273
1273 1292 1313
1313 1353 1333
1332 1353 1313
1220 1200 1240
1240 1260 1220
1180 1140 1160
1160 1200 1180
974 954 994
995 955 974
974 1014 995
994 1014 974
934 955 915
934 974 955
954 974 934
834 854 814
814 794 834
834 794 813
834 813 853
853 874 834
874 854 834
814 854 835
835 795 814
734 694 714
714 755 734
654 635 614
614 634 654
613 633 653
653 634 613
796 756 775
775 746 795
775 756 735
735 746 775
575 595 615
615 595 635
920 939 960
960 940 920
920 940 900
920 900 880
880 899 920
920 899 939
960 939 979
979 1000 960
1019 1000 979
859 899 880
959 939 919
919 938 959
959 938 978
959 979 939
880 860 840
840 859 880
918 897 937
918 938 898
877 837 856
796 836 816
816 837 797
816 856 837
836 856 816
915 895 875
875 895 855
855 835 875
875 835 854
995 1035 1015
1015 1055 1036
1035 1055 1015
978 938 958
937 977 958
958 918 937
938 918 958
1079 1059 1039
1039 1059 1019
1057 1078 1038
82 1060 84
1040 1060 1020
80 980 1020
1020 82 80
1060 82 1020
980 1000 1020
1020 1000 1040
1135 1175 1156
1156 1116 1135
1276 1296 1256
1256 1236 1276
1338 1378 1359
1358 1378 1338
1258 1218 1238
1238 1218 1198
1119 1138 1159
1119 1098 1138
1119 1099 1079
1079 1098 1119
104 1508 140
140 1508 139
1507 138 139
139 1508 1507
1468 102 1420
1468 104 102
1508 104 1468
1320 1299 1339
1340 1300 1320
1298 1338 1319
1319 1338 1359
1359 1339 1319
1339 1299 1319
1445 1438 1407
1407 1437 1445
1445 1485 1479
1479 1438 1445
1478 1485 1445
1445 1437 1478
1360 1380 1340
1340 1320 1360
1339 1379 1360
1360 1320 1339
1520 136 137
1485 136 1520
137 1499 1520
1479 1485 1520
1520 1499 1479
135 136 1519
1519 136 1485
1498 135 1519
1519 1478 1498
1519 1485 1478
132 133 1497
1497 1477 1457
1457 1467 1497
1435 1467 1457
1457 1417 1435
1418 1437 1390
1418 1377 1398
1390 1377 1418
1458 1437 1418
1515 124 125
125 1494 1515
129 1506 128
128 1506 1495
1495 127 128
1505 1495 1475
1505 127 1495
1475 1494 1505
1355 1334 1375
1355 1315 1334
1316 1296 1276
1435 1406 1444
1444 1467 1435
1444 1434 1466
1444 1406 1434
1516 130 131
1466 1496 1516
1496 130 1516
398 378 358
358 377 398
358 378 338
358 337 377
338 318 358
318 337 358
180 198 217
198 238 217
217 238 258
258 239 217
217 199 180
239 199 217
299 259 279
279 319 299
298 319 279
258 298 279
279 239 258
279 259 239
280 260 240
240 259 280
240 200 218
218 259 240
800 840 820
820 860 72
820 840 860
740 68 66
66 700 740
458 479 439
458 438 478
499 479 519
519 539 499
499 520 480
539 520 499
398 438 418
418 378 398
418 458 439
438 458 418
517 496 536
537 497 517
477 496 517
517 497 477
518 537 558
558 538 518
518 497 537
478 497 518
599 578 618
559 578 599
600 580 560
600 619 640
600 620 580
640 620 600
500 56 54
54 460 500
500 460 480
480 520 500
360 340 320
320 339 360
440 400 419
514 474 493
514 494 474
534 494 514
493 533 514
514 533 554
554 534 514
865 884 905
884 924 905
905 885 865
905 925 885
522 542 562
562 543 522
522 543 503
502 542 522
601 621 641
641 622 601
622 582 601
601 582 561
561 581 601
581 621 601
445 405 425
425 465 445
484 465 444
444 464 484
465 425 444
444 425 404
444 424 464
444 404 424
863 883 843
843 823 863
803 823 843
824 803 843
843 883 864
864 824 843
825 844 865
825 845 805
865 845 825
784 824 804
824 844 804
844 825 804
665 644 684
684 724 705
705 665 684
704 724 684
684 664 704
684 644 664
546 506 525
506 485 525
525 485 505
505 545 525
604 584 624
624 644 604
664 644 624
624 643 664
603 643 624
624 584 603
608 568 588
588 628 608
607 628 588
588 567 607
607 627 647
647 628 607
687 668 647
668 628 647
707 726 748
686 726 707
707 727 687
748 727 707
527 547 567
527 508 487
507 527 487
547 527 507
486 526 507
526 547 507
670 710 690
670 689 710
652 672 692
692 672 712
651 631 671
671 691 651
590 630 610
610 570 590
611 651 632
611 631 651
309 329 289
270 252 289
310 270 289
289 329 310
165 184 205
243 227 205
268 228 250
288 251 268
251 228 268
18 17 155
155 168 18
155 17 167
229 213 193
193 212 229
167 154 193
193 213 167
193 154 177
177 212 193
470 489 510
510 550 530
529 550 510
510 489 529
510 530 490
490 470 510
27 26 145
145 179 27
315 355 335
315 334 355
275 294 315
315 294 334
355 374 395
395 375 355
395 374 414
395 415 375
414 435 395
435 415 395
335 375 356
356 375 396
235 209 245
245 209 234
245 275 235
245 294 275
436 415 455
455 476 436
476 456 436
396 415 436
255 292 273
233 255 273
273 244 233
293 244 273
272 255 232
272 292 255
312 292 272
272 291 312
232 254 272
254 291 272
431 410 450
450 471 431
490 471 450
450 410 430
450 470 490
430 470 450
431 411 391
370 410 391
391 410 431
392 432 412
392 411 432
412 372 392
512 552 532
513 492 532
532 492 512
312 331 352
352 392 372
332 292 312
312 352 332
332 352 372
351 330 370
351 311 330
370 391 351
331 311 351
163 203 190
190 142 163
190 203 224
224 219 190
190 219 176
176 142 190
322 342 362
302 342 322
349 309 328
328 309 288
446 466 486
429 448 469
429 469 449
449 409 429
429 409 389
408 429 389
448 429 408
424 404 384
224 203 247
203 223 247
247 264 224
283 264 247
225 219 248
248 265 225
284 265 248
248 219 224
224 264 248
248 264 284
266 249 285
204 191 225
225 249 204
204 184 164
164 191 204
345 325 305
883 903 923
903 943 923
923 943 963
923 904 883
923 963 944
944 904 923
702 742 722
722 682 702
702 682 662
721 742 702
702 681 721
662 681 702
401 382 361
382 342 361
381 401 361
361 342 321
321 341 361
361 341 381
1370 1395 1413
1451 1428 1413
1463 1513 1492
1482 1513 1463
1463 1442 1482
1383 1343 1370
1370 1413 1383
1383 1413 1428
1383 1362 1343
1383 1428 1402
1402 1362 1383
1474 1492 1504
1453 1430 1474
1474 1504 1493
1493 1453 1474
1385 1371 1403
1403 1430 1385
1311 1290 1330
1330 1346 1311
1330 1290 1310
1310 1345 1330
1330 1345 1372
1372 1346 1330
1404 1372 1385
1385 1430 1404
1404 1430 1453
1453 1431 1404
1386 1346 1372
1372 1404 1386
1386 1404 1431
1363 1346 1386
1386 1405 1363
1431 1405 1386
1203 1243 1224
1184 1163 1203
1203 1224 1184
1203 1163 1183
1183 1223 1203
1223 1243 1203
1242 1262 1282
1282 1263 1242
1303 1263 1282
1202 1222 1242
1202 1182 1222
1202 1223 1183
1242 1223 1202
1305 1284 1324
1324 1342 1305
1246 1266 1286
1307 1267 1286
1286 1267 1246
112 113 1511
1481 112 1511
1511 1461 1481
1511 113 1489
1489 1461 1511
1449 1489 1472
1449 1461 1489
1472 1426 1449
1426 1411 1449
1425 1461 1449
1449 1411 1425
1401 1425 1382
1401 1441 1425
1148 1128 1108
1108 1127 1148
1148 1127 1167
1149 1169 1129
1288 1269 1248
1208 1228 1248
1209 1230 1190
1190 1169 1209
1289 1329 1310
1310 1270 1289
1309 1269 1288
1309 1289 1269
1344 1329 1309
1329 1289 1309
1363 1405 1387
1387 1405 1432
1347 1363 1387
1387 1373 1347
1432 1414 1387
1387 1414 1373
1147 1107 1126
1126 1166 1147
1167 1127 1147
1147 1127 1107
1206 1186 1226
1206 1166 1186
1226 1246 1206
101 1421 99
1391 97 99
99 1421 1391
1446 1486 1470
1486 1500 1470
1487 1447 1470
1470 1500 1487
109 110 1501
1501 110 1488
1488 1471 1501
1501 1487 109
1501 1471 1487
1423 1471 1448
1448 1471 1488
1481 1441 1460
1460 1510 1481
1488 1510 1460
1460 1448 1488
1365 1349 1321
1321 1348 1365
1281 1301 1321
1321 1301 1348
81 1021 79
1003 1023 1043
1043 1024 1003
1043 1083 1064
1064 1024 1043
941 961 921
921 901 941
881 901 921
902 881 921
921 942 902
961 942 921
981 961 941
981 79 1021
77 79 981
981 941 77
1101 85 1141
1101 1081 1061
83 85 1101
1061 83 1101
1141 1121 1101
1101 1121 1081
1063 1023 1042
1042 1082 1063
1063 1082 1103
1063 1043 1023
1103 1083 1063
1083 1043 1063
962 942 982
1022 1002 982
982 1002 962
982 942 961
1105 1124 1145
1125 1105 1145
1165 1125 1145
1145 1185 1165
945 985 965
965 925 945
925 905 945
964 985 945
945 924 964
945 905 924
946 926 906
906 925 946
946 986 966
966 926 946
965 986 946
946 925 965
1005 986 965
965 985 1005
1026 986 1005
1005 1045 1026
1005 985 1025
1025 1045 1005
1106 1066 1085
1125 1146 1106
1106 1085 1125
1106 1146 1126
1126 1086 1106
1086 1066 1106
892 932 913
913 873 892
913 893 873
933 893 913
913 953 933
932 953 913
732 772 754
754 713 732
732 692 712
713 692 732
771 731 752
752 791 771
711 730 752
752 731 711
690 730 711
711 731 691
711 671 690
691 671 711
831 851 811
791 831 811
811 771 791
792 771 811
830 809 849
849 889 870
870 830 849
849 809 829
869 889 849
849 829 869
769 809 790
810 770 790
790 830 810
790 809 830
790 770 751
751 769 790
867 907 887
907 927 887
887 847 867
868 847 887
887 908 868
887 927 908
949 968 989
928 968 949
949 909 928
929 909 949
989 969 949
949 969 929
768 728 749
788 808 768
768 749 788
768 808 789
789 750 768
750 728 768
1028 1068 1048
1028 1008 988
1028 1048 1008
988 1007 1028
1028 1007 1047
1047 1068 1028
1048 1068 1088
1069 1048 1088
1108 1128 1088
1088 1068 1108
1050 1010 1030
1030 1070 1050
1050 1070 1090
1090 1071 1050
1011 992 971
1051 1032 1011
1011 1032 992
812 833 793
793 772 812
812 772 792
873 833 852
872 892 852
892 873 852
833 812 852
1077 1097 1057
1056 1096 1077
1057 1037 1077
1077 1037 1056
973 954 933
933 953 973
973 953 993
994 954 973
1013 994 973
973 993 1013
972 932 952
972 953 932
952 992 972
993 953 972
1012 993 972
972 992 1012
1275 1235 1254
1254 1294 1275
1275 1294 1315
1134 1114 1154
1273 1293 1253
1253 1293 1274
1172 1192 1212
1172 1132 1152
1152 1192 1172
1396 1414 1433
1373 1414 1396
1433 1415 1396
1396 1415 1374
1374 1353 1396
1396 1353 1373
1291 1312 1272
1252 1232 1272
1272 1292 1252
1272 1312 1292
1272 1251 1291
1232 1251 1272
1259 1299 1280
1280 1240 1259
1260 1240 1280
1299 1320 1280
1300 1260 1280
1280 1320 1300
1139 1119 1159
1099 1119 1139
894 934 915
915 875 894
894 854 874
894 875 854
855 836 815
815 835 855
815 836 796
795 835 815
796 775 815
815 775 795
694 734 715
715 746 735
734 746 715
674 654 634
634 653 674
694 654 674
714 694 674
776 756 796
797 757 776
736 756 776
776 757 736
776 816 797
796 816 776
777 757 797
737 757 777
774 734 755
774 746 734
795 746 774
755 794 774
814 795 774
774 794 814
556 535 575
556 576 536
536 516 556
516 535 556
536 576 557
557 517 536
537 517 557
598 578 558
618 578 598
736 757 717
717 757 737
657 617 637
637 677 657
898 858 878
878 918 898
897 918 878
879 858 898
898 919 879
919 899 879
899 859 879
877 856 896
896 917 877
936 896 916
917 896 936
996 1015 1036
1018 1039 999
978 1018 999
1019 979 999
999 1039 1019
999 959 978
979 959 999
1058 1038 1078
1079 1039 1058
1058 1039 1018
1018 1038 1058
1058 1098 1079
1078 1098 1058
977 997 1017
1017 997 1037
1017 1037 1057
1057 1038 1017
1276 1236 1255
1235 1275 1255
1195 1235 1215
1175 1195 1215
1235 1255 1215
1215 1255 1236
1196 1156 1175
1175 1215 1196
1196 1215 1236
1136 1096 1116
1116 1156 1136
1398 1377 1357
1357 1376 1398
1358 1338 1318
1318 1338 1298
1279 1258 1298
1298 1319 1279
1279 1299 1259
1279 1319 1299
1298 1258 1278
1278 1318 1298
1297 1318 1278
1278 1257 1297
1278 1258 1238
1238 1257 1278
1259 1240 1219
1219 1240 1200
1178 1198 1218
1178 1199 1159
1218 1199 1178
1159 1138 1178
1118 1078 1097
1118 1098 1078
1097 1137 1118
1138 1098 1118
1507 1508 1480
1508 1468 1480
1480 1499 1507
1380 1360 1400
1420 1380 1400
1400 1379 1419
1400 1360 1379
1497 1467 1517
1517 132 1497
131 132 1517
1417 1457 1436
1398 1417 1436
1436 1418 1398
1436 1457 1477
1477 1458 1436
1458 1418 1436
127 1505 126
1494 125 126
126 1505 1494
1388 1355 1375
1364 1355 1388
1375 1416 1388
1416 1434 1388
1434 1406 1388
1388 1406 1364
1315 1355 1335
1335 1355 1364
1484 1444 1466
1466 1516 1484
1467 1444 1484
1484 1517 1467
1484 1516 131
131 1517 1484
297 278 246
318 278 297
297 337 318
398 377 417
377 397 417
417 438 398
457 438 417
220 240 260
220 42 40
260 42 220
200 240 220
40 175 220
175 200 220
70 820 72
800 820 780
68 740 780
780 70 68
820 70 780
479 499 459
439 479 459
480 440 459
459 499 480
459 419 439
440 419 459
478 518 498
498 458 478
479 458 498
519 479 498
498 538 519
498 518 538
559 599 579
560 539 579
579 539 559
579 599 619
579 600 560
619 600 579
56 500 540
560 580 540
540 520 560
540 500 520
58 56 540
540 580 58
380 360 400
380 400 420
48 340 380
340 360 380
380 50 48
420 50 380
379 339 359
379 360 339
400 360 379
379 419 400
399 418 439
439 419 399
419 379 399
378 418 399
359 378 399
399 379 359
482 503 463
482 522 503
463 442 482
502 522 482
462 502 482
482 442 462
805 765 785
785 825 805
765 745 785
785 804 825
784 804 764
764 744 784
724 744 764
764 745 724
764 785 745
804 785 764
546 525 565
565 586 546
605 586 565
565 585 605
565 545 585
565 525 545
568 528 548
548 588 568
548 528 508
567 588 548
508 527 548
548 527 567
667 647 627
686 707 667
687 647 667
667 707 687
646 686 667
667 627 646
486 507 467
467 446 486
427 446 467
447 427 467
487 447 467
467 507 487
649 630 609
649 670 630
689 670 649
669 689 649
629 669 649
649 609 629
630 670 650
650 671 631
650 670 690
690 671 650
650 610 630
631 610 650
531 551 571
571 552 531
591 610 631
631 611 591
570 610 591
611 571 591
591 551 570
591 571 551
309 289 269
229 251 269
269 252 229
269 289 252
288 309 269
269 251 288
185 153 165
165 205 185
185 205 227
185 227 206
166 153 185
185 206 166
367 348 327
214 168 186
168 155 186
186 230 214
186 213 230
167 213 186
186 155 167
158 188 171
171 188 209
171 25 158
26 25 171
171 145 26
235 256 216
256 236 216
197 179 216
216 236 197
335 356 316
376 356 396
294 245 274
274 293 314
314 294 274
274 245 234
234 244 274
274 244 293
197 236 210
237 189 210
210 189 172
172 197 210
416 436 456
396 436 416
416 376 396
397 376 416
553 533 513
513 532 553
292 332 313
333 293 313
293 273 313
313 273 292
353 373 333
333 313 353
353 313 332
353 332 372
353 372 393
393 373 353
371 391 411
371 351 391
331 351 371
411 392 371
371 352 331
392 352 371
343 322 362
362 383 343
343 363 323
383 363 343
242 262 282
262 302 282
302 322 282
368 389 349
349 328 368
368 408 389
368 328 348
348 328 308
308 327 348
288 268 308
308 328 288
447 468 428
468 448 428
448 408 428
403 384 363
403 423 443
403 443 424
424 384 403
403 363 383
383 423 403
304 283 323
304 264 283
284 264 304
226 266 243
249 266 226
243 205 226
226 205 184
184 204 226
226 204 249
285 325 306
306 266 285
364 384 404
406 446 427
325 345 365
405 386 365
426 386 405
426 405 445
445 466 426
466 446 426
446 406 426
426 406 386
1473 1451 1427
1451 1413 1427
1427 1450 1473
1412 1450 1427
1427 1395 1412
1427 1413 1395
1402 1442 1429
1442 1463 1429
1287 1267 1307
1247 1267 1287
1268 1308 1288
1288 1248 1268
1268 1248 1228
1268 1228 1247
1247 1287 1268
1268 1287 1308
1430 1403 1452
1452 1474 1430
1452 1429 1463
1403 1429 1452
1452 1463 1492
1492 1474 1452
1302 1282 1262
1302 1262 1281
1281 1321 1302
1302 1321 1349
1350 1303 1322
1303 1282 1322
1322 1366 1350
1322 1349 1366
1322 1302 1349
1282 1302 1322
1182 1202 1162
1162 1122 1142
1142 1182 1162
1162 1143 1122
1183 1143 1162
1162 1202 1183
1285 1245 1265
1265 1305 1285
1265 1245 1225
1284 1305 1265
1265 1225 1244
1244 1284 1265
1324 1341 1361
1361 1342 1324
1382 1342 1361
1361 1401 1382
1410 1393 1423
1423 1448 1410
1285 1305 1325
1325 1305 1342
1394 1411 1426
1369 1351 1394
1394 1426 1412
1412 1369 1394
1352 1307 1326
1307 1286 1326
1326 1369 1352
1326 1351 1369
1128 1148 1168
1168 1149 1128
1188 1228 1208
1208 1168 1188
1188 1168 1148
1188 1148 1167
1208 1248 1229
1229 1248 1269
1230 1209 1249
1249 1270 1230
1249 1289 1270
1269 1289 1249
1249 1229 1269
1209 1229 1249
1328 1362 1344
1344 1309 1328
1328 1309 1288
1288 1308 1328
1328 1308 1343
1343 1362 1328
1167 1147 1187
1187 1147 1166
1166 1206 1187
1422 1409 1392
1392 1408 1422
1447 1409 1422
1422 1470 1447
1422 1408 1446
1446 1470 1422
1001 1041 1022
1022 982 1001
1001 982 961
1001 1021 1041
1001 981 1021
961 981 1001
1164 1145 1124
1164 1124 1144
1204 1185 1164
1185 1145 1164
1144 1184 1164
1184 1204 1164
712 731 753
753 732 712
772 732 753
731 771 753
792 772 753
753 771 792
1128 1149 1109
1109 1088 1128
1069 1088 1109
1109 1089 1069
1109 1129 1089
1109 1149 1129
991 1011 971
970 1010 991
971 951 991
991 951 970
1010 1050 1031
1031 991 1010
1011 991 1031
1031 1050 1071
1031 1071 1051
1051 1011 1031
792 811 832
832 812 792
832 852 812
832 811 851
832 851 872
872 852 832
1295 1316 1276
1276 1255 1295
1295 1255 1275
1295 1275 1315
1315 1335 1295
1295 1335 1316
1133 1154 1114
1133 1093 1113
1114 1093 1133
1173 1154 1133
1194 1154 1173
1233 1212 1252
1252 1273 1233
1273 1253 1233
1193 1172 1212
1212 1233 1193
1160 1139 1179
1199 1219 1179
1159 1199 1179
1179 1139 1159
1200 1160 1179
1179 1219 1200
1120 1139 1160
1140 1100 1120
1120 1160 1140
1120 1100 1080
1080 1099 1120
1099 1139 1120
874 893 914
914 894 874
914 893 933
934 894 914
933 954 914
954 934 914
635 654 675
675 654 694
694 715 675
693 674 653
714 674 693
693 733 714
713 733 693
737 777 758
758 718 737
797 837 817
817 777 797
576 616 597
597 557 576
637 617 597
597 616 637
596 616 576
596 556 575
576 556 596
575 615 596
655 615 635
635 675 655
695 715 735
695 675 715
676 655 695
695 655 675
637 616 656
656 677 637
737 718 697
697 717 737
677 717 697
697 657 677
617 657 638
618 598 638
638 598 617
838 878 858
819 840 800
859 840 819
876 895 916
916 896 876
876 896 856
855 895 876
876 836 855
876 856 836
916 935 956
956 936 916
976 936 956
956 996 976
937 917 957
917 936 957
957 936 976
957 977 937
957 997 977
976 997 957
1016 996 1036
1037 997 1016
976 996 1016
1016 997 976
1036 1056 1016
1056 1037 1016
998 1018 978
977 1017 998
998 1038 1018
998 1017 1038
978 958 998
998 958 977
1216 1196 1236
1216 1237 1197
1236 1256 1216
1256 1237 1216
1156 1196 1176
1176 1136 1156
1176 1216 1197
1196 1216 1176
1376 1357 1336
1357 1317 1336
1296 1316 1336
1336 1317 1296
1197 1237 1217
1238 1198 1217
1217 1257 1238
1237 1257 1217
1277 1237 1256
1277 1257 1237
1277 1256 1296
1297 1257 1277
1296 1317 1277
1277 1317 1297
1239 1279 1259
1259 1219 1239
1258 1279 1239
1218 1258 1239
1239 1199 1218
1239 1219 1199
1197 1217 1177
1177 1217 1198
1117 1137 1097
1096 1136 1117
1097 1077 1117
1117 1077 1096
1459 1438 1479
1419 1438 1459
1479 1499 1459
1499 1480 1459
1440 1468 1420
1440 1480 1468
1420 1400 1440
1440 1459 1480
1440 1400 1419
1419 1459 1440
246 237 277
277 297 246
196 171 209
145 171 196
196 209 235
235 216 196
179 145 196
196 216 179
295 315 335
335 316 295
295 256 275
275 315 295
276 236 256
256 295 276
276 295 316
237 210 257
257 210 236
257 277 237
236 276 257
437 416 456
457 417 437
437 417 397
397 416 437
437 477 457
437 456 477
613 594 573
573 594 554
554 533 573
533 553 573
572 532 552
572 553 532
283 247 263
263 247 223
263 223 242
242 282 263
447 428 407
407 427 447
408 368 388
388 428 408
388 368 348
388 407 428
388 348 367
367 407 388
346 306 325
325 365 346
346 365 386
243 266 286
266 306 286
345 364 385
385 425 405
404 425 385
385 364 404
405 365 385
385 365 345
384 364 344
363 384 344
323 363 344
344 304 323
324 364 345
305 284 324
324 345 305
324 344 364
284 304 324
304 344 324
387 406 427
387 407 367
427 407 387
1384 1403 1371
1384 1429 1403
1384 1371 1344
1402 1429 1384
1384 1362 1402
1344 1362 1384
1343 1308 1327
1308 1287 1327
1327 1287 1307
1327 1307 1352
1352 1370 1327
1370 1343 1327
1381 1361 1341
1401 1361 1381
1306 1266 1285
1285 1325 1306
1306 1325 1351
1306 1286 1266
1306 1326 1286
1351 1326 1306
1368 1342 1382
1368 1325 1342
1351 1325 1368
1368 1394 1351
1382 1411 1368
1411 1394 1368
1189 1168 1208
1208 1229 1189
1149 1168 1189
1169 1149 1189
1189 1209 1169
1189 1229 1209
1167 1187 1207
1247 1228 1207
1207 1188 1167
1228 1188 1207
1227 1267 1247
1247 1207 1227
1227 1207 1187
1227 1187 1206
1246 1267 1227
1227 1206 1246
1113 1132 1153
1153 1133 1113
1132 1172 1153
1173 1133 1153
1153 1193 1173
1172 1193 1153
1234 1274 1254
1234 1253 1274
1154 1194 1174
1195 1155 1174
1174 1155 1134
1134 1154 1174
673 692 713
713 693 673
652 692 673
673 693 653
673 633 652
673 653 633
660 640 680
680 700 660
640 619 659
659 680 640
699 680 659
779 819 800
799 819 779
577 598 558
557 597 577
617 598 577
577 597 617
558 537 577
537 557 577
716 695 735
735 756 716
716 756 736
676 695 716
636 656 616
615 655 636
636 655 676
676 656 636
636 596 615
616 596 636
657 697 678
678 638 657
678 697 718
857 837 877
878 838 857
857 817 837
857 838 817
877 897 857
897 878 857
817 838 798
777 817 798
778 758 798
798 758 777
818 838 858
818 798 838
818 799 778
778 798 818
975 935 955
975 956 935
975 955 995
996 956 975
995 1015 975
1015 996 975
1337 1318 1297
1297 1317 1337
1358 1318 1337
1337 1317 1357
1337 1377 1358
1337 1357 1377
1316 1335 1356
1356 1336 1316
1356 1335 1364
1356 1364 1389
1389 1376 1356
1376 1336 1356
1157 1177 1137
1136 1176 1157
1157 1176 1197
1197 1177 1157
1157 1117 1136
1137 1117 1157
1198 1178 1158
1158 1177 1198
1158 1178 1138
1137 1177 1158
1138 1118 1158
1158 1118 1137
337 297 317
297 277 317
632 652 612
652 633 612
593 573 553
553 572 593
613 573 593
572 612 593
593 633 613
593 612 633
303 282 322
303 263 282
322 343 303
283 263 303
323 283 303
303 343 323
287 268 250
287 308 268
327 308 287
306 346 326
326 286 306
1367 1341 1323
1367 1381 1341
1367 1323 1350
1350 1393 1367
1393 1410 1367
1410 1381 1367
1401 1381 1424
1441 1401 1424
1424 1460 1441
1424 1381 1410
1448 1460 1424
1424 1410 1448
1254 1235 1214
1214 1234 1254
1194 1234 1214
1214 1235 1195
1195 1174 1214
1214 1174 1194
1213 1233 1253
1253 1234 1213
1213 1234 1194
1213 1193 1233
1213 1194 1173
1173 1193 1213
700 680 720
720 680 699
720 740 700
639 659 619
639 599 618
619 599 639
778 799 759
799 779 759
760 779 800
800 780 760
760 780 740
740 720 760
736 717 696
696 716 736
696 717 677
676 716 696
677 656 696
696 656 676
839 819 799
799 818 839
839 818 858
858 879 839
839 879 859
859 819 839
337 317 357
377 337 357
357 397 377
357 376 397
296 276 316
296 317 277
277 257 296
296 257 276
592 611 632
632 612 592
592 571 611
592 612 572
552 571 592
592 572 552
367 327 347
347 387 367
286 326 307
327 287 307
307 347 327
326 347 307
618 638 658
658 639 618
638 678 658
356 376 336
376 357 336
336 316 356
336 357 317
336 296 316
317 296 336
366 326 346
366 347 326
386 406 366
366 346 386
406 387 366
387 347 366
286 307 267
267 307 287
267 227 243
243 286 267
250 227 267
267 287 250
659 639 679
639 658 679
699 659 679
679 719 699
718 758 738
759 719 738
738 758 778
778 759 738
739 719 759
739 759 779
739 720 699
699 719 739
779 760 739
739 760 720
719 679 698
718 738 698
698 738 719
698 678 718
698 658 678
698 679 658
