395
0.000000000 0.000000000
0.000000000 0.388888889
0.000000000 0.777777778
0.000000000 1.166666667
0.000000000 1.555555556
0.000000000 1.944444444
0.000000000 2.333333333
0.000000000 2.722222222
0.000000000 3.111111111
0.000000000 3.500000000
0.000000000 3.888888889
0.000000000 4.277777778
0.000000000 4.666666667
0.000000000 5.055555556
0.000000000 5.444444444
0.000000000 5.833333333
0.000000000 6.222222222
0.000000000 6.611111111
0.000000000 7.000000000
0.388888889 0.000000000
0.388888889 7.000000000
0.777777778 0.000000000
0.777777778 7.000000000
1.166666667 0.000000000
1.166666667 7.000000000
1.555555556 0.000000000
1.555555556 7.000000000
1.944444444 0.000000000
1.944444444 7.000000000
2.333333333 0.000000000
2.333333333 7.000000000
2.722222222 0.000000000
2.722222222 7.000000000
3.111111111 0.000000000
3.111111111 7.000000000
3.500000000 0.000000000
3.500000000 7.000000000
3.888888889 0.000000000
3.888888889 7.000000000
4.277777778 0.000000000
4.277777778 7.000000000
4.666666667 0.000000000
4.666666667 7.000000000
5.055555556 0.000000000
5.055555556 7.000000000
5.444444444 0.000000000
5.444444444 7.000000000
5.833333333 0.000000000
5.833333333 7.000000000
6.222222222 0.000000000
6.222222222 7.000000000
6.611111111 0.000000000
6.611111111 7.000000000
7.000000000 0.000000000
7.000000000 0.388888889
7.000000000 0.777777778
7.000000000 1.166666667
7.000000000 1.555555556
7.000000000 1.944444444
7.000000000 2.333333333
7.000000000 2.722222222
7.000000000 3.111111111
7.000000000 3.500000000
7.000000000 3.888888889
7.000000000 4.277777778
7.000000000 4.666666667
7.000000000 5.055555556
7.000000000 5.444444444
7.000000000 5.833333333
7.000000000 6.222222222
7.000000000 6.611111111
7.000000000 7.000000000
0.300607274 0.336018198
0.312205456 1.027587883
0.314404545 1.756062147
0.314246063 2.489829234
0.302817599 3.196899612
0.304915958 3.786851290
0.314763519 4.502440370
0.314972365 5.239671924
0.312754189 5.969267077
0.300819323 6.661223082
0.403353944 0.682896607
0.394245081 1.393046929
0.394747760 2.120780793
0.403180079 2.840817261
0.399399846 4.146849385
0.394842763 4.872722844
0.395258835 5.602795999
0.406348691 6.313316236
0.462878819 3.491051885
0.655848460 0.352793362
0.656834035 1.053480671
0.653145621 1.757824263
0.656739147 2.463755277
0.655138028 4.524249144
0.653774713 5.234442693
0.656385866 6.645779346
0.681666506 3.142128996
0.680018828 3.843248745
0.658732142 5.941285004
0.809274127 0.709227154
0.805894674 1.408548384
0.807676982 2.107084261
0.821255488 4.189981798
0.807076659 4.881800617
0.807309263 5.583973648
0.811924223 6.287151776
0.824883808 2.795904849
0.859741620 3.492744167
1.021340466 0.356023271
1.032951935 1.062201592
1.032428771 1.756812191
1.041221587 2.445615996
1.060091043 3.846034861
1.039068018 4.540624299
1.032677078 5.232629955
1.034694427 5.931496331
1.022118710 6.642101987
1.061811939 3.139584486
1.205742991 0.710283203
1.212351911 1.409626325
1.217043185 4.887585611
1.213302334 5.581332965
1.207733289 6.285376054
1.217966868 2.099546095
1.231258383 2.790766884
1.251082611 3.492721980
1.228488935 4.194783423
1.397702244 0.354718320
1.398358189 6.643115079
1.419276442 1.059780964
1.425799908 1.753561788
1.434280962 2.444036512
1.448119128 3.140108283
1.446714800 3.845279333
1.432407512 4.541800367
1.425645865 5.234925336
1.420486341 5.933086131
1.598558520 0.707387856
1.613641149 1.406217335
1.614099557 5.584127765
1.599791122 6.287848930
1.621692991 2.098256882
1.631489083 2.791565717
1.642311047 3.492642956
1.629513059 4.193830316
1.620757774 4.888552282
1.780904327 0.353403770
1.809927784 1.056493003
1.810557276 5.936098610
1.781274340 6.644266934
1.821645283 1.751730884
1.829751618 2.444587596
1.838686534 3.141487273
1.837673528 3.843761258
1.828306892 4.541249923
1.821300267 5.236585125
1.990514996 0.705081014
2.011634971 1.403887759
2.011708873 5.586406345
1.991088315 6.290020774
2.021574906 2.097906712
2.029033219 2.792813837
2.035035571 3.492577021
2.027690553 4.192572222
2.020763967 4.888971708
2.167844821 0.352561166
2.167924476 6.645051275
2.202302946 1.054431555
2.202453150 5.938178493
2.217816321 1.750641748
2.225756386 2.445173174
2.231677218 3.142358167
2.231006489 3.842802119
2.224719657 4.540777438
2.217387383 5.237801830
2.382387790 0.703722951
2.408008254 1.402452944
2.407806449 5.587978361
2.382462850 6.291385240
2.419439279 2.097711506
2.425479966 2.793555764
2.428926731 3.492524578
2.424618726 4.191849815
2.418780740 4.889339269
2.556732625 0.352094836
2.556581775 6.645505106
2.595472945 1.053144342
2.613867778 1.749888114
2.613406095 5.238737022
2.595265975 5.939567113
2.621819128 2.445404162
2.625912508 3.142790527
2.625517576 3.842310833
2.621118812 4.540660789
2.774465339 0.702873051
2.803629979 1.401435504
2.816284404 2.097384550
2.815771519 4.889814468
2.803239727 5.589141188
2.774190474 6.292271231
2.821431805 2.793830028
2.823501607 3.492493338
2.820941210 4.191598526
2.946695120 0.351793378
2.946376375 6.645802102
2.989096698 1.052198543
3.009773241 1.749147772
3.017369318 4.540879399
3.009309070 5.239609584
2.988637812 5.940593800
3.017789081 2.445264872
3.020702255 3.142921278
3.020541998 3.842162284
3.166854278 0.702224678
3.166340610 6.292935237
3.198957144 1.400496882
3.212587785 2.096802210
3.217066711 2.793723070
3.218340222 3.492497049
3.216897932 4.191733503
3.212220532 4.890480957
3.198446844 5.590162457
3.337351968 0.351542488
3.336907686 6.646040117
3.383090972 1.051312891
3.405602479 1.748230621
3.413603288 2.444748783
3.415598310 3.142836555
3.415682531 3.842291593
3.413453329 4.541435527
3.405166804 5.240577259
3.382459595 5.941501338
3.559629779 0.701594421
3.558948858 6.293541994
3.594245275 1.399424429
3.608571963 2.095871114
3.612356958 2.793268278
3.613082901 3.492552610
3.612538233 4.192233796
3.608378114 4.891423711
3.593671647 5.591233030
3.728597849 0.351273501
3.728043946 6.646280428
3.777509581 1.050303331
3.801461353 1.746986240
3.809223724 2.443810106
3.810253982 3.142571993
3.810667978 3.842695346
3.809394184 4.542379910
3.801096656 5.241780524
3.776760027 5.942460211
3.952888060 0.700857424
3.952075301 6.294206771
3.989665886 1.398044473
4.004329843 2.094472959
4.007151057 2.792438377
4.007378117 3.492687245
4.007808387 4.193145811
4.004378639 4.892757980
3.989079560 5.592515385
4.120516469 0.350932710
4.119839195 6.646571205
4.172523248 1.049007575
4.197499577 1.745243073
4.204630278 2.442342179
4.204341038 3.142126707
4.205286859 3.843425213
4.205249423 4.543823853
4.197266847 5.243379460
4.171685579 5.943620051
4.346767970 0.699896777
4.345822864 6.295034445
4.385356958 1.396162434
4.399867298 2.092432584
4.401174667 2.791142900
4.400812780 3.492942012
4.402566721 4.194579868
4.400283877 4.894647694
4.384806304 5.594185279
4.513379270 0.350453724
4.512528457 6.646972878
4.568457031 1.047236286
4.567533874 5.945147953
4.593953126 1.742773871
4.599846467 2.440168140
4.597498007 3.141467447
4.599369554 3.844570665
4.601141118 4.545931120
4.593938171 5.245574859
4.741440807 0.698572441
4.740319141 6.296151322
4.781415986 1.393539067
4.795078164 2.089515412
4.793970796 2.789229221
4.792821499 3.493355805
4.796539236 4.196666202
4.796057505 4.897283506
4.780947424 5.596448020
4.907717152 0.349726089
4.906596439 6.647591583
4.965884060 1.044759532
4.964838335 5.947261265
4.991231972 1.739311330
4.995019539 2.437068040
4.989322264 3.140524091
4.992837086 3.846181908
4.997332335 4.548826924
4.991543521 5.248569141
5.137022164 0.696710728
5.135627137 6.297755933
5.177794370 1.389937795
5.189623361 2.085516235
5.184774289 2.786515852
5.182572282 3.493897488
5.189195744 4.199388724
5.191422831 4.900713328
5.177426323 5.599520601
5.304491380 0.348545617
5.302966540 6.648710673
5.365801929 1.041306109
5.364530336 5.950310837
5.390095083 1.734735258
5.390633893 2.432954834
5.379479047 3.139175383
5.385896256 3.848051772
5.394416919 4.552224241
5.390801550 5.252391527
5.531461189 6.300447120
5.533288650 0.694000992
5.572310660 2.782954304
5.568819771 3.494330847
5.573524272 5.603557707
5.573894478 1.385292557
5.582614945 2.080724127
5.579516441 4.201998662
5.585410718 4.904346159
5.705509511 0.346070747
5.703553933 6.651224046
5.769910250 1.036421652
5.768095528 3.137457468
5.768139058 5.955477884
5.791907350 1.729768024
5.788087177 2.428734952
5.779643720 3.848798901
5.793696589 4.554350248
5.792851272 5.256299001
5.928708775 0.688613250
5.926565485 6.306230487
5.967173340 1.380239960
5.971697668 2.077381539
5.954518783 2.780116803
5.949973520 3.493401806
5.965353731 4.201327419
5.975099916 4.905245472
5.966163107 5.609417409
6.114941677 0.339672120
6.112725521 6.657861848
6.157487144 3.136119856
6.177327087 3.843256696
6.180291621 1.026170180
6.198795013 1.728526261
6.190548762 2.431076849
6.197798622 4.546588969
6.198532557 5.259497250
6.178262550 5.966998668
6.319047348 0.674538798
6.329240078 2.784054622
6.324809753 3.489096633
6.317023166 6.321279856
6.346970217 1.371499847
6.349226986 2.088336540
6.342323232 4.183370771
6.349613826 4.897450088
6.345641693 5.620670531
6.542239757 0.316532699
6.555184522 3.143295100
6.540274213 6.681308424
6.599531413 1.000248663
6.607177902 1.734948506
6.604446919 2.466958214
6.587744903 3.803974012
6.606652065 4.518671078
6.606228839 5.257728539
6.598133684 5.995662373
6.686780868 0.634546882
6.685170203 1.364767720
6.686129732 2.107688031
6.693152835 2.829823357
6.687482181 4.146744764
6.685209669 4.883648476
6.684218237 5.630567929
6.685657549 6.362799010
6.702234949 3.453832249
716
38 40 263
256 265 275
287 295 306
344 336 324
324 335 344
344 335 351
58 59 381
384 391 65
374 391 384
294 286 275
68 385 67
299 280 290
129 147 137
283 41 264
46 320 44
339 46 48
320 46 339
55 56 387
55 52 54
349 339 358
358 339 48
154 163 173
173 163 182
182 193 173
199 193 182
199 182 190
153 141 160
149 26 28
130 26 149
168 149 28
159 149 168
179 160 170
159 170 150
150 160 141
150 170 160
36 38 244
244 38 263
263 254 244
244 254 235
40 42 282
263 40 282
199 190 209
305 295 286
286 294 305
314 306 295
295 305 314
324 336 314
314 305 324
351 335 341
349 362 341
341 362 351
341 335 322
363 381 373
363 344 351
373 381 389
389 381 59
389 382 373
65 391 64
66 384 65
287 306 296
277 288 268
268 258 277
277 296 288
287 296 277
24 26 130
132 150 141
393 68 69
385 68 393
393 376 385
375 385 366
385 376 366
318 310 299
329 310 318
268 288 278
278 259 268
270 290 280
127 120 109
145 135 127
127 135 120
10 78 11
87 78 100
12 11 87
87 11 78
137 147 157
96 87 105
105 87 100
147 129 136
146 156 136
136 156 147
17 90 18
81 90 17
139 142 151
264 41 39
243 224 233
233 252 243
41 283 43
261 270 280
271 261 280
252 261 271
33 207 35
37 35 226
226 35 207
9 77 10
91 78 10
10 77 91
100 78 91
91 110 100
239 230 220
164 154 173
145 154 164
320 339 331
331 339 349
349 341 331
331 341 322
377 55 387
52 55 377
50 358 48
52 377 50
50 377 358
349 358 368
368 362 349
368 377 387
358 377 368
204 184 194
34 206 32
218 208 227
198 208 218
198 190 179
218 209 198
198 209 190
172 182 163
172 190 182
172 163 153
179 190 172
153 160 172
172 160 179
30 168 28
159 168 178
178 170 159
32 206 187
187 30 32
168 30 187
187 178 168
187 206 197
197 178 187
179 170 189
189 198 179
208 198 189
197 208 189
189 178 197
170 178 189
36 244 225
225 34 36
206 34 225
225 244 235
273 254 263
263 282 273
265 254 273
301 42 44
301 282 42
44 320 301
354 342 360
369 378 360
63 64 383
383 64 391
383 391 374
352 345 336
336 344 352
352 363 373
344 363 352
336 345 325
325 314 336
306 314 325
313 305 294
322 335 313
313 335 324
324 305 313
381 363 372
351 362 372
372 363 351
60 389 59
61 382 60
382 389 60
392 66 67
392 385 375
67 385 392
375 384 392
384 66 392
275 286 266
266 256 275
258 239 248
267 248 257
287 277 267
267 277 258
258 248 267
286 295 276
276 266 286
257 266 276
276 267 257
276 295 287
287 267 276
228 209 218
20 73 1
1 73 2
130 149 140
140 149 159
159 150 140
150 132 140
7 76 8
8 76 86
86 9 8
77 9 86
86 95 109
76 95 86
133 141 153
104 94 113
113 126 104
113 133 126
53 71 72
53 379 71
371 379 359
45 321 47
302 321 45
45 43 302
302 43 283
312 321 302
69 70 386
386 393 69
371 367 386
386 367 376
376 393 386
375 366 356
376 367 357
357 366 376
300 304 285
327 346 337
346 355 337
337 317 327
328 317 337
200 191 186
186 196 200
200 196 210
240 259 250
250 231 240
260 241 250
250 241 231
240 231 221
221 230 240
205 196 185
210 196 205
297 278 288
309 317 328
328 318 309
299 290 309
309 318 299
88 14 13
15 14 80
80 14 88
120 110 99
109 120 99
99 91 77
110 91 99
99 86 109
77 86 99
134 154 145
145 127 134
165 156 146
175 165 184
156 165 175
166 157 147
147 156 166
166 175 185
156 175 166
100 110 115
115 136 129
115 105 100
129 105 115
19 18 82
82 18 90
16 81 17
108 90 101
90 81 101
27 25 131
119 25 23
131 25 119
108 125 119
119 125 131
131 125 143
143 125 139
139 151 143
143 151 162
29 169 31
152 169 29
29 27 152
152 27 131
131 143 152
162 169 152
152 143 162
181 169 162
188 207 33
33 31 188
188 31 169
169 181 188
202 207 188
188 181 202
161 142 158
161 151 142
234 212 224
224 243 234
224 212 201
274 283 264
264 255 274
274 255 272
272 285 274
262 243 252
252 271 262
242 252 233
242 261 252
270 261 251
232 241 251
251 242 232
261 242 251
260 270 251
251 241 260
291 310 300
291 271 280
291 280 299
299 310 291
245 39 37
37 226 245
245 226 236
264 39 245
245 255 264
236 255 245
217 207 202
217 226 207
236 226 217
202 212 217
217 234 236
212 234 217
230 239 249
240 230 249
249 258 268
249 239 258
249 259 240
268 259 249
204 194 214
214 221 204
230 221 214
220 230 214
214 203 220
194 203 214
246 254 265
265 256 246
235 254 246
246 227 235
216 225 235
235 227 216
216 227 208
216 208 197
197 206 216
206 225 216
265 273 284
275 265 284
284 294 275
311 301 320
311 331 322
320 331 311
292 273 282
282 301 292
292 284 273
301 311 292
61 62 390
390 62 378
378 369 390
390 382 61
390 369 382
342 354 333
333 327 316
333 346 327
333 354 346
360 342 353
353 369 360
373 382 364
382 369 364
364 352 373
345 352 364
364 353 345
369 353 364
63 383 395
395 62 63
378 62 395
361 383 374
346 354 361
374 355 361
361 355 346
315 296 306
306 325 315
388 57 58
58 381 388
381 372 388
199 209 219
209 228 219
247 266 257
256 266 247
74 4 3
92 20 22
73 20 92
103 113 94
121 140 132
130 140 121
104 126 114
114 95 104
126 134 114
114 134 127
114 127 109
109 95 114
5 75 6
6 75 85
85 7 6
76 7 85
104 95 85
85 95 76
85 94 104
85 75 94
340 359 49
49 47 340
340 47 321
49 359 51
379 53 51
51 359 379
371 386 394
394 386 70
394 379 371
394 70 71
71 379 394
375 356 365
365 355 374
365 384 375
374 384 365
329 318 338
338 318 328
312 304 323
348 356 366
366 357 348
329 338 348
348 338 356
312 302 293
293 304 312
293 285 304
293 274 285
293 302 283
283 274 293
176 196 186
186 167 176
176 167 157
157 166 176
185 196 176
176 166 185
191 200 211
233 224 211
224 201 211
211 201 191
195 184 204
195 175 184
195 205 185
185 175 195
231 241 222
222 241 232
232 210 222
210 205 222
278 297 289
96 88 79
88 13 79
79 87 96
79 13 12
12 87 79
97 80 88
15 80 89
89 16 15
81 16 89
107 101 89
89 101 81
89 97 107
80 97 89
124 142 139
148 123 137
148 167 158
137 157 148
157 167 148
137 123 116
116 129 137
96 105 116
116 105 129
126 133 144
144 134 126
153 163 144
144 133 153
163 154 144
154 134 144
146 135 155
155 165 146
155 135 145
145 164 155
128 115 110
128 110 120
146 136 128
136 115 128
128 135 146
120 135 128
19 82 21
139 125 118
118 124 139
118 125 108
108 101 118
118 101 107
107 124 118
108 119 98
98 90 108
98 82 90
98 119 23
23 21 98
98 21 82
177 161 158
158 167 177
186 191 177
177 167 186
253 234 243
272 255 253
253 255 236
236 234 253
253 262 272
243 262 253
192 201 212
192 212 202
202 181 192
300 285 281
281 262 271
281 285 272
272 262 281
281 291 300
271 291 281
223 242 233
233 211 223
223 211 200
223 200 210
223 210 232
232 242 223
183 203 194
193 203 183
173 193 183
183 164 173
237 246 256
237 228 218
218 227 237
227 246 237
256 247 237
237 247 228
303 311 322
322 313 303
303 313 294
294 284 303
284 292 303
303 292 311
360 378 370
378 395 370
370 354 360
370 361 354
370 395 383
383 361 370
326 333 316
342 333 326
332 315 325
332 325 345
345 353 332
332 326 315
332 353 342
342 326 332
57 388 380
56 57 380
387 56 380
380 368 387
362 368 380
380 372 362
380 388 372
229 239 220
229 248 239
238 247 257
238 229 219
238 219 228
228 247 238
257 248 238
248 229 238
74 3 83
83 3 2
83 2 73
73 92 83
83 92 102
22 24 111
111 92 22
111 24 130
130 121 111
102 92 111
111 121 102
74 83 93
93 83 102
84 5 4
84 4 74
75 5 84
74 93 84
84 93 103
94 75 84
84 103 94
330 321 312
330 340 321
312 323 330
355 365 347
347 365 356
328 337 347
347 337 355
347 338 328
356 338 347
329 348 334
334 348 357
343 357 367
343 330 323
343 334 357
323 334 343
231 222 215
215 195 204
205 195 215
215 222 205
204 221 215
215 221 231
316 327 308
308 297 316
308 289 297
327 317 308
298 309 290
317 309 298
298 308 317
289 308 298
260 250 269
278 289 269
259 278 269
269 250 259
106 88 96
106 97 88
96 116 106
106 116 123
142 124 138
123 148 138
158 142 138
138 148 158
161 177 180
201 192 180
191 201 180
180 177 191
171 192 181
162 151 171
171 181 162
151 161 171
161 180 171
171 180 192
174 183 194
174 194 184
174 155 164
164 183 174
184 165 174
165 155 174
307 326 316
316 297 307
307 297 288
288 296 307
296 315 307
315 326 307
219 229 213
213 193 199
199 219 213
213 203 193
220 203 213
213 229 220
113 103 122
122 132 141
141 133 122
133 113 122
112 121 132
132 122 112
102 121 112
112 93 102
103 93 112
112 122 103
319 310 329
329 334 319
300 310 319
319 334 323
319 304 300
319 323 304
350 367 371
350 343 367
371 359 350
330 343 350
359 340 350
340 330 350
289 298 279
260 269 279
279 269 289
279 270 260
290 270 279
279 298 290
117 138 124
107 97 117
117 124 107
123 138 117
117 106 123
97 106 117
