965
0.000000000 0.000000000
0.000000000 0.250000000
0.000000000 0.500000000
0.000000000 0.750000000
0.000000000 1.000000000
0.000000000 1.250000000
0.000000000 1.500000000
0.000000000 1.750000000
0.000000000 2.000000000
0.000000000 2.250000000
0.000000000 2.500000000
0.000000000 2.750000000
0.000000000 3.000000000
0.000000000 3.250000000
0.000000000 3.500000000
0.000000000 3.750000000
0.000000000 4.000000000
0.000000000 4.250000000
0.000000000 4.500000000
0.000000000 4.750000000
0.000000000 5.000000000
0.000000000 5.250000000
0.000000000 5.500000000
0.000000000 5.750000000
0.000000000 6.000000000
0.000000000 6.250000000
0.000000000 6.500000000
0.000000000 6.750000000
0.000000000 7.000000000
0.250000000 0.000000000
0.250000000 7.000000000
0.500000000 0.000000000
0.500000000 7.000000000
0.750000000 0.000000000
0.750000000 7.000000000
1.000000000 0.000000000
1.000000000 7.000000000
1.250000000 0.000000000
1.250000000 7.000000000
1.500000000 0.000000000
1.500000000 7.000000000
1.750000000 0.000000000
1.750000000 7.000000000
2.000000000 0.000000000
2.000000000 7.000000000
2.250000000 0.000000000
2.250000000 7.000000000
2.500000000 0.000000000
2.500000000 7.000000000
2.750000000 0.000000000
2.750000000 7.000000000
3.000000000 0.000000000
3.000000000 7.000000000
3.250000000 0.000000000
3.250000000 7.000000000
3.500000000 0.000000000
3.500000000 7.000000000
3.750000000 0.000000000
3.750000000 7.000000000
4.000000000 0.000000000
4.000000000 7.000000000
4.250000000 0.000000000
4.250000000 7.000000000
4.500000000 0.000000000
4.500000000 7.000000000
4.750000000 0.000000000
4.750000000 7.000000000
5.000000000 0.000000000
5.000000000 7.000000000
5.250000000 0.000000000
5.250000000 7.000000000
5.500000000 0.000000000
5.500000000 7.000000000
5.750000000 0.000000000
5.750000000 7.000000000
6.000000000 0.000000000
6.000000000 7.000000000
6.250000000 0.000000000
6.250000000 7.000000000
6.500000000 0.000000000
6.500000000 7.000000000
6.750000000 0.000000000
6.750000000 7.000000000
7.000000000 0.000000000
7.000000000 0.250000000
7.000000000 0.500000000
7.000000000 0.750000000
7.000000000 1.000000000
7.000000000 1.250000000
7.000000000 1.500000000
7.000000000 1.750000000
7.000000000 2.000000000
7.000000000 2.250000000
7.000000000 2.500000000
7.000000000 2.750000000
7.000000000 3.000000000
7.000000000 3.250000000
7.000000000 3.500000000
7.000000000 3.750000000
7.000000000 4.000000000
7.000000000 4.250000000
7.000000000 4.500000000
7.000000000 4.750000000
7.000000000 5.000000000
7.000000000 5.250000000
7.000000000 5.500000000
7.000000000 5.750000000
7.000000000 6.000000000
7.000000000 6.250000000
7.000000000 6.500000000
7.000000000 6.750000000
7.000000000 7.000000000
0.187040063 3.307044341
0.184776585 4.973612644
0.188443653 0.203280610
0.193773230 0.646485614
0.194109033 1.112013727
0.187809597 1.566512465
0.188301613 1.928454350
0.194049624 2.385292374
0.194206417 2.854613480
0.188965052 3.672386920
0.194138464 4.128328050
0.191359537 4.586173211
0.194579043 5.411548979
0.195574929 5.879021079
0.195130392 6.347445227
0.189367249 6.791584379
0.247058739 0.423600651
0.244127164 0.878172130
0.246811881 1.337105159
0.246664433 2.158130400
0.243586431 2.619069239
0.246841656 3.078691160
0.247598705 3.901056610
0.247709300 4.357616931
0.259457718 5.196297303
0.246280267 5.647607379
0.246443028 6.113188684
0.253027933 6.569072517
0.290540816 3.487295555
0.281376071 4.783083821
0.292517313 1.746584551
0.406820116 0.656304310
0.405729191 1.098821210
0.405213764 2.393922264
0.405489078 2.837898834
0.407783879 4.131501508
0.411915664 5.436846062
0.407312309 5.883740686
0.410705962 6.333196208
0.413199518 0.220322484
0.423141678 1.523982222
0.423116890 1.967675286
0.422714707 3.264202047
0.423128042 3.707277172
0.421014771 4.560686042
0.423957105 5.002124950
0.414683992 6.776935988
0.505864711 0.440729827
0.502588530 0.876429663
0.510909674 1.306979041
0.510666770 2.183135326
0.501954898 2.614320154
0.510389008 3.045872683
0.513152492 3.920979312
0.512197045 4.345742569
0.505605390 5.664259216
0.505171601 6.108099534
0.510908818 6.552202452
0.537291104 1.744703716
0.536111836 3.483666483
0.532135525 4.783353638
0.518736911 5.225100794
0.646320002 0.220524616
0.645399034 0.658533002
0.647410384 1.088613312
0.660788685 1.522144134
0.660478413 1.965261087
0.646899927 2.399180969
0.646840717 2.826711740
0.660279376 3.260380993
0.661184325 3.702726656
0.653059065 4.133916743
0.659907832 4.564880288
0.661954470 5.008293953
0.651753823 5.449577285
0.645974103 5.888031302
0.648654336 6.329122745
0.648119131 6.775877119
0.758735047 0.439211843
0.760201545 0.872608131
0.761077276 2.612006038
0.761007670 6.109157296
0.766338715 1.304086955
0.781132881 1.742818471
0.765936818 2.181723835
0.765937688 3.042065910
0.780714564 3.480341150
0.769685211 3.917997622
0.769435876 4.350011335
0.779186555 4.788243872
0.771096873 5.230901138
0.762352823 5.670425859
0.762441428 6.552550326
0.887608272 0.218981731
0.891287545 0.654981225
0.894593296 1.087586528
0.903258155 1.521807780
0.902916021 1.962392799
0.894783012 2.395925177
0.894887371 2.826362860
0.903028883 3.259538125
0.904447927 3.699283059
0.900222495 4.134035678
0.904003080 4.569491564
0.904564378 5.011249287
0.897481178 5.452018439
0.893142165 5.890712536
0.893185877 6.331422082
0.889113609 6.776976628
1.009563083 0.436560991
1.013133546 0.870767243
1.018120831 1.304094404
1.026121137 1.741554133
1.018063676 2.178626355
1.015112295 2.610586386
1.018312712 3.042428239
1.026411794 3.479019846
1.021279966 3.916583442
1.021233151 4.351906298
1.026104790 4.790956736
1.021159137 5.232328445
1.015436805 5.671948469
1.013531625 6.111610567
1.011853156 6.554612023
1.133482746 0.217875452
1.134459324 6.777870590
1.139160466 0.653252402
1.142986608 1.087055310
1.148703395 1.522041989
1.148587794 1.960022057
1.143862304 2.394121933
1.144044768 2.826192433
1.148981830 3.260148728
1.150090731 3.698028692
1.147906562 4.134229480
1.150032459 4.571331049
1.150085836 5.012136263
1.145367166 5.452542858
1.141992535 5.892164782
1.140353954 6.333519754
1.259406662 0.435366247
1.260798286 6.555973561
1.263947933 0.869930060
1.268048395 1.304231944
1.272642749 1.740743269
1.268395360 2.176813789
1.266684679 2.609895576
1.268750089 3.042971489
1.273230097 3.479054209
1.270813454 3.916155925
1.270858298 4.352700828
1.273322066 4.791741073
1.270330704 5.232464453
1.266454106 5.672509940
1.264204936 6.113077324
1.381421721 0.217445840
1.382013782 6.778347698
1.387838312 0.652492928
1.391756785 1.086940113
1.395723573 1.522106298
1.395825727 1.958767045
1.393149086 2.393137687
1.393349131 2.826333777
1.396293309 3.260818538
1.397080495 3.697789383
1.395946065 4.134367952
1.397158902 4.571984050
1.397040234 5.012109154
1.393937762 5.452498586
1.391199917 5.892872648
1.388597924 6.334692851
1.508925880 0.434877094
1.509750052 6.556663844
1.513814589 0.869656083
1.517294507 1.304391065
1.520113903 1.740318362
1.517952658 2.175858636
1.516984944 2.609642529
1.518296042 3.043526285
1.520781683 3.479332975
1.519672636 3.916092443
1.519737294 4.353021244
1.520984720 4.791868867
1.519143768 5.232187456
1.516426212 5.672620239
1.514015892 6.113816129
1.630300198 0.217283179
1.636851562 0.652226727
1.630645185 6.778556858
1.640695021 1.087000124
1.643605912 1.522203708
1.643863913 1.958109297
1.642402035 2.392676420
1.642575102 2.826569927
1.644314894 3.261369723
1.644845979 3.697803265
1.644281418 4.134466104
1.644964357 4.572198470
1.644795328 5.011869845
1.642723946 5.452255253
1.640424486 5.893141044
1.637332000 6.335269688
1.758352899 0.434709201
1.758828689 6.556976289
1.763288654 0.869625227
1.766324996 1.304574682
1.768213321 1.740129542
1.767177646 2.175375920
1.766654848 2.609602505
1.767472468 3.043963704
1.768862010 3.479603821
1.768376270 3.916107409
1.768442308 4.353162977
1.769060216 4.791815709
1.767888780 5.231866720
1.765892287 5.672539764
1.763441563 6.114136621
1.879614708 0.217243206
1.886022751 0.652171684
1.886312515 6.335519375
1.879805461 6.778632434
1.889724565 1.087128743
1.892000361 1.522312988
1.892350700 1.957788388
1.891590462 2.392473680
1.891730052 2.826788900
1.892751897 3.261756750
1.893103805 3.697874582
1.892839546 4.134525926
1.893219009 4.572264919
1.893042568 5.011638970
1.891609708 5.452006005
1.889609841 5.893197361
2.007779142 0.434680933
2.008036686 6.557095182
2.012612448 0.869687887
2.015334512 1.304740765
2.016724073 1.740064471
2.016288444 2.175142913
2.016025118 2.609631254
2.016530167 3.044268090
2.017313785 3.479805326
2.017119561 3.916140586
2.017177030 4.353229176
2.017470074 4.791737527
2.016687239 5.231611714
2.015139005 5.672416437
2.012712784 6.114247688
2.129136926 0.217252035
2.135282324 0.652202388
2.135435652 6.335606159
2.129230533 6.778645854
2.138823880 1.087259501
2.140713591 1.522411597
2.141109974 1.957640287
2.140745458 2.392390024
2.140854201 2.826951036
2.141452588 3.262008661
2.141683613 3.697944828
2.141571579 4.134566136
2.141778617 4.572281909
2.141611840 5.011469514
2.140569637 5.451811160
2.138777024 5.893172961
2.257231416 0.434706631
2.261895883 0.869772267
2.261940537 6.114266665
2.257348282 6.557123522
2.264391140 1.304871445
2.265504517 1.740053221
2.265383108 2.175033193
2.265265608 2.609671146
2.265575237 3.044464613
2.266020899 3.479941962
2.265957484 3.916174092
2.266003327 4.353264411
2.266130201 4.791674824
2.265576051 5.231435542
2.264309185 5.672306327
2.378760328 0.217275686
2.384599710 0.652256732
2.384651698 6.335621079
2.378791255 6.778635210
2.387982525 1.087366664
2.389630385 1.522487785
2.390042578 1.957574387
2.389894479 2.392357339
2.389976311 2.827059385
2.390325153 3.262165860
2.390475464 3.698000797
2.390436649 4.134595431
2.390547229 4.572285460
2.390396345 5.011358374
2.389594687 5.451675979
2.387950302 5.893127981
2.506711427 0.434744106
2.511181963 0.869846536
2.511170932 6.114253054
2.506734092 6.557117143
2.513507255 1.304963806
2.514458566 1.740059121
2.514495977 2.174981405
2.514455458 2.609703817
2.514642608 3.044586270
2.514896768 3.480030781
2.514887802 3.916202982
2.514922704 4.353286498
2.514966819 4.791633885
2.514551143 5.231323334
2.513465863 5.672224899
2.628432579 0.217297266
2.633954483 0.652304892
2.633928443 6.335612679
2.628421687 6.778620649
2.637186379 1.087441756
2.638674021 1.522538461
2.639082499 1.957544081
2.639046993 2.392344490
2.639105003 2.827127283
2.639305337 3.262261556
2.639401358 3.698042005
2.639395376 4.134618072
2.639453375 4.572287845
2.639320577 5.011291992
2.638671049 5.451590744
2.637138817 5.893088843
2.756209558 0.434772295
2.760478516 0.869896540
2.760413822 6.114237671
2.756166151 6.557105989
2.762668743 1.305019781
2.763515488 1.740064394
2.763626876 2.174954569
2.763622274 2.609725206
2.763730943 3.044658844
2.763873698 3.480087050
2.763883978 3.916226402
2.763910344 4.353303180
2.763915834 4.791612371
2.763588585 5.231259164
2.762626851 5.672174724
2.878124940 0.217308137
2.883326284 0.652331824
2.886414033 1.087482301
2.886335442 5.893068400
2.883237825 6.335607576
2.878084957 6.778613045
2.887785686 1.522563373
2.888177493 1.957525530
2.888195185 2.392336836
2.888231345 2.827166503
2.888340787 3.262317950
2.888399426 3.698071081
2.888406694 4.134636584
2.888437369 4.572293663
2.888323623 5.011259192
2.887776012 5.451546299
3.005710509 0.434780027
3.009773762 0.869915232
3.011847843 1.305041327
3.011783679 5.672156169
3.009658275 6.114237756
3.005618177 6.557106758
3.012617429 1.740059914
3.012756384 2.174935442
3.012763707 2.609735006
3.012819426 3.044699071
3.012894158 3.480121324
3.012908264 3.916245009
3.012928890 4.353318527
3.012919241 4.791607662
3.012653725 5.231232340
3.127818707 0.217303469
3.132691950 0.652329119
3.135637142 1.087486990
3.136914195 1.522562205
3.136878517 5.451537267
3.135520167 5.893074249
3.132551444 6.335621207
3.127757435 6.778618650
3.137280274 1.957505884
3.137317947 2.392326818
3.137333232 2.827184756
3.137383394 3.262348418
3.137414970 3.698090764
3.137426739 4.134652917
3.137444438 4.572305259
3.137350691 5.011253376
3.255195775 0.434760756
3.259044577 0.869898137
3.261009103 1.305028882
3.261712317 1.740040261
3.261853839 2.174914508
3.261859646 2.609733341
3.261876083 3.044716646
3.261905126 3.480140102
3.261916923 3.916259916
3.261934276 4.353335165
3.261921894 4.791618529
3.261705431 5.231237291
3.260912197 5.672170149
3.258881192 6.114263856
3.255064879 6.557129267
3.377499331 0.217280284
3.382025363 0.652291310
3.384821942 1.087454039
3.386010913 1.522533771
3.386344529 1.957477855
3.386384889 2.392310199
3.386379432 2.827186253
3.386385716 3.262360281
3.386395763 3.698103135
3.386408805 4.134668657
3.386421218 4.572324302
3.386348869 5.011271651
3.385940985 5.451561689
3.384663915 5.893111751
3.381839419 6.335663000
3.377421464 6.778641255
3.504645048 0.434710208
3.508261288 0.869841526
3.510112420 1.304981250
3.510749948 1.740001757
3.510881882 2.174886513
3.510879632 2.609720063
3.510862381 3.044716390
3.510854904 3.480146881
3.510862613 3.916272172
3.510878493 4.353354914
3.510869378 4.791645023
3.510698361 5.231272240
3.509978968 5.672218553
3.508052422 6.114322871
3.504481431 6.557179471
3.627153997 0.217236637
3.631298306 0.652214303
3.633930972 1.087380771
3.635027312 1.522476035
3.635323249 1.957437413
3.635359847 2.392284679
3.635333097 2.827172628
3.635299585 3.262356696
3.635289790 3.698109428
3.635303899 4.134684975
3.635314122 4.572352151
3.635265114 5.011313784
3.634921363 5.451620226
3.633731953 5.893185182
3.631070574 6.335738797
3.627062021 6.778683157
3.754037347 0.434625443
3.757390919 0.869741783
3.759114921 1.304895828
3.759679910 1.739941789
3.759799506 2.174849061
3.759788033 2.609694726
3.759736372 3.044699573
3.759691552 3.480142818
3.759695868 3.916282514
3.759711263 4.353378955
3.759706810 4.791688167
3.759584501 5.231338247
3.758945672 5.672304212
3.757138289 6.114419390
3.753843322 6.557260783
3.876770693 0.217171372
3.880481764 0.652094872
3.882924835 1.087263635
3.883913807 1.522386270
3.884168188 1.957382978
3.884204103 2.392249449
3.884155000 2.827143477
3.884075855 3.262337521
3.884044312 3.698109990
3.884061636 4.134702569
3.884068675 4.572389905
3.884045373 5.011381606
3.883775198 5.451715667
3.882686997 5.893298116
3.880213210 6.335851776
3.876665131 6.778745474
4.003352184 0.434504712
4.006399950 0.869595367
4.007972561 1.304768810
4.008450412 1.739858718
4.008564682 2.174802294
4.008548451 2.609656655
4.008455428 3.044664356
4.008362172 3.480126946
4.008366436 3.916291288
4.008381490 4.353407826
4.008378222 4.791749758
4.008314604 5.231438798
4.007772794 5.672430763
4.006104593 6.114555982
4.003126547 6.557374351
4.126337724 0.217084246
4.129547439 0.651930873
4.131764091 1.087098384
4.132619110 1.522261191
4.132829785 1.957315521
4.132879622 2.392205270
4.132806809 2.827096411
4.132664616 3.262299328
4.132605432 3.698104305
4.132631382 4.134721635
4.132629302 4.572438305
4.132634171 5.011478862
4.132457813 5.451852753
4.131492319 5.893453260
4.129236184 6.336002297
4.126216812 6.778828048
4.252570873 0.434347973
4.255257304 0.869399258
4.256641986 1.304595290
4.257007333 1.739752190
4.257137236 2.174749378
4.257128366 2.609605014
4.256979266 3.044605414
4.256812368 3.480095991
4.256824885 3.916298548
4.256838993 4.353441311
4.256826189 4.791832310
4.256839853 5.231579883
4.256423535 5.672602446
4.254919812 6.114732601
4.252307950 6.557518501
4.375842870 0.216976427
4.378469368 0.651722170
4.380411426 1.086880460
4.381089462 1.522097019
4.381256985 1.957239531
4.381352618 2.392155016
4.381254706 2.827026630
4.381015283 3.262234547
4.380917480 3.698091102
4.380963579 4.134741915
4.380939095 4.572497516
4.380974127 5.011611513
4.380926723 5.452038331
4.380115154 5.893651769
4.378109986 6.336186702
4.375701596 6.778928919
4.501678106 0.434158197
4.503938287 0.869152022
4.505083250 1.304369350
4.505292795 1.739623929
4.505482631 2.174697909
4.505504977 2.609538873
4.505273865 3.044512661
4.504985192 3.480043757
4.505024862 3.916304376
4.505037014 4.353478236
4.504991398 4.791939183
4.505114119 5.231770637
4.504868827 5.672823854
4.503559187 6.114945036
4.501365562 6.557687195
4.625271115 0.216851554
4.627225348 0.651472635
4.628834139 1.086605811
4.629266961 1.521889626
4.629396261 1.957165224
4.629597645 2.392104903
4.629473518 2.826925997
4.629075812 3.262129583
4.628921344 3.698068656
4.629011075 4.134762831
4.628938974 4.572566759
4.629004699 5.011788605
4.629144276 5.452281917
4.628530652 5.893891952
4.626807483 6.336394788
4.625099420 6.779043224
4.750664064 0.433944041
4.752430488 0.868856062
4.753264298 1.304084474
4.753242453 1.739479598
4.753577720 2.174662965
4.753673584 2.609457644
4.753317326 3.044369003
4.752818724 3.479960084
4.752926743 3.916309544
4.752936337 4.353516066
4.752811825 4.792074816
4.753097409 5.232024647
4.753094714 5.673099540
4.752010742 6.115181985
4.750278941 6.557866994
4.874598941 0.216717902
4.875797428 0.651194192
4.877006649 1.086272970
4.877085660 1.521635412
4.877188621 1.957113436
4.877602143 2.392067548
4.877451331 2.826782130
4.876789777 3.261961804
4.876550398 3.698035576
4.876729916 4.134783616
4.876565194 4.572643307
4.876658956 5.012023564
4.877080173 5.452596416
4.876726284 5.894166694
4.875303543 6.336604938
4.874378729 6.779160952
4.999527865 0.433725274
5.000743463 0.868522478
5.001169047 1.303735468
5.000780318 1.739333446
5.001420466 2.174674115
5.001660862 2.609363572
5.001109802 3.044147828
5.000241325 3.479829802
5.000504410 3.916316665
5.000512794 4.353549545
5.000221385 4.792244210
5.000761748 5.232361005
5.001114288 5.673432236
5.000285178 6.115419002
4.999029957 6.558030983
5.123780943 0.216592977
5.124169556 0.650915051
5.124911722 1.085888442
5.124462807 1.521334621
5.124562120 1.957126726
5.125370635 2.392070219
5.125193984 2.826580108
5.124089198 3.261696538
5.123721880 3.697993275
5.124078525 4.134802706
5.123743259 4.572718928
5.123856194 5.012333874
5.124712558 5.452996582
5.124705813 5.894456495
5.123571569 6.336774187
5.123481308 6.779262237
5.248284580 0.433543798
5.248925805 0.868181821
5.248812942 1.303324413
5.247809418 1.739219097
5.249047576 2.174791295
5.249547511 2.609271525
5.248692276 3.043814080
5.247163975 3.479634412
5.247759763 3.916332147
5.247772430 4.353566191
5.247148844 4.792447690
5.248102508 5.232800759
5.248988478 5.673814099
5.248433201 6.115604649
5.247605520 6.558126408
5.372719546 0.216512052
5.372317490 0.650696884
5.372536877 1.085479187
5.371279884 1.520999590
5.371414241 1.957291341
5.372924980 2.392175577
5.372727008 2.826314586
5.370879231 3.261290043
5.370320815 3.697953249
5.371012980 4.134815453
5.370375011 4.572767734
5.370486280 5.012732473
5.372024378 5.453485826
5.372488697 5.894710317
5.371571466 6.336817855
5.372289013 6.779308387
5.496980752 0.433484502
5.497097673 0.867906912
5.496274601 1.302874619
5.494196577 1.739207422
5.496566574 2.175135567
5.497508463 2.609236856
5.496184140 3.043341489
5.493471927 3.479363919
5.494755868 3.916372133
5.494785287 4.353532494
5.493520466 4.792661539
5.495163020 5.233342892
5.496863445 5.674199041
5.496576618 6.115630137
5.496006176 6.558052807
5.621198498 0.216550722
5.620178428 0.650663483
5.619857167 1.085120908
5.617344383 1.520663585
5.617570244 1.957771283
5.620288133 2.392521705
5.620085523 2.826031014
5.617008038 3.260709495
5.616171198 3.697964544
5.617475078 4.134806475
5.616312286 4.572715278
5.616379927 5.013185450
5.618983444 5.454014329
5.620092370 5.894803157
5.619213780 6.336576153
5.620552641 6.779224950
5.745736937 0.433726336
5.745512829 0.867850498
5.743767575 1.302450480
5.739750371 1.739423789
5.744213936 2.175931533
5.745881607 2.609418782
5.743862328 3.042757310
5.739019613 3.479068544
5.741697904 3.916483816
5.741760843 4.353367751
5.739282854 4.792760663
5.742084226 5.233891264
5.745038743 5.674441160
5.744964488 6.115289091
5.744274773 6.557621976
5.868731734 0.216854614
5.867579631 0.651097599
5.866782307 1.084938129
5.862313608 1.520385759
5.862687180 1.958837506
5.867411397 2.393397536
5.867269539 2.825874391
5.862192848 3.260008596
5.860986887 3.698195630
5.863363044 4.134781241
5.861317818 4.572307131
5.861240212 5.013491116
5.865471826 5.454382624
5.867456423 5.894502165
5.866274274 6.335768877
5.867740276 6.778864197
5.994823538 0.434658712
5.994733510 0.868344617
5.991773791 1.302084732
5.984207089 1.740062120
5.992448822 2.177601241
5.995313243 2.610095543
5.992292472 3.042233606
5.983643871 3.478986401
5.989102632 3.916943814
5.989267502 4.352804132
5.984455754 4.792284464
5.989197586 5.234058797
5.994072298 5.674268651
5.994100329 6.114248148
5.992587375 6.556504241
6.105481745 1.519996346
6.106015138 1.961103398
6.105829517 3.259372668
6.104198241 3.699428426
6.104975309 4.570798107
6.104467478 5.012877773
6.114215972 0.217865305
6.114054398 0.652494202
6.113076930 1.085200864
6.114021947 2.395166068
6.114045903 2.826128231
6.108567967 4.134736453
6.111015629 5.454212452
6.114243558 5.893467962
6.112195607 6.333996478
6.112720444 6.778037755
6.227036280 1.741280872
6.227009231 3.480312446
6.229295157 4.789795386
6.244947423 0.437137182
6.245920473 0.869861945
6.241470048 1.301885816
6.242306991 2.180764274
6.246979662 2.611624303
6.242579068 3.041920497
6.238342756 3.918452148
6.238716832 4.351188117
6.237045487 5.232905844
6.245008450 5.673169183
6.245009845 6.112120780
6.241470303 6.554573337
6.355109785 0.219415174
6.358473130 0.655914041
6.357903731 1.085920972
6.345426540 1.520325621
6.345868606 1.964103657
6.359165964 2.398742540
6.359491336 2.826475877
6.346085842 3.260299110
6.344801206 3.702997524
6.352936040 4.134884889
6.346530285 4.566300908
6.344578195 5.010052616
6.354118701 5.452100913
6.359204962 5.891099865
6.355438554 6.331805232
6.353298834 6.776922304
6.468661723 1.743389275
6.469170463 3.483955024
6.474262377 4.784821735
6.497110514 0.438798884
6.501696955 0.873593570
6.494500806 1.304678252
6.495007803 2.182700543
6.503632015 2.614172581
6.495783086 3.045711369
6.492224738 3.921807520
6.493461849 4.346872292
6.486947209 5.227268797
6.499423274 5.667062814
6.499166865 6.111103286
6.492550652 6.554180476
6.580306743 1.522427564
6.580418484 1.966924021
6.580908233 3.264388241
6.580113996 3.708117555
6.582795824 4.562099823
6.579845182 5.003751737
6.586171614 6.777817542
6.587737553 0.219420064
6.595627439 0.653908183
6.597103499 1.096279584
6.598120626 2.393983157
6.598180046 2.837779284
6.595495319 4.132273985
6.591239315 5.439274987
6.595557307 5.886318152
6.592058151 6.335962438
6.711177549 1.745562573
6.712051989 3.488162053
6.722960872 4.784968577
6.754987879 0.421784652
6.757934110 0.876540129
6.755502472 1.335395364
6.755831696 2.158193020
6.759135597 2.619200328
6.756104480 3.079217807
6.754884887 3.901598117
6.754859515 4.358017998
6.743247980 5.198227313
6.756035578 5.649294446
6.755604305 6.114942566
6.749962243 6.571646851
6.812040642 0.201926245
6.807063889 0.645054191
6.806901767 1.110750191
6.807175294 2.385326116
6.807025414 2.855154862
6.807106849 4.128635783
6.809668532 4.586480681
6.806566666 5.413065309
6.805484217 5.880361705
6.805662519 6.349143172
6.810996994 6.793625201
6.813390506 1.564571399
6.812793940 1.928714746
6.814137449 3.308008464
6.812394775 3.673091135
6.816984716 4.976502198
1816
539 523 554
162 131 145
689 720 705
705 720 736
628 612 643
355 340 371
312 296 327
327 344 312
506 521 537
494 521 506
522 506 537
495 506 522
569 584 600
697 713 682
682 713 698
728 713 697
697 712 728
728 712 743
713 728 744
665 650 634
539 554 570
570 601 586
361 44 46
42 44 330
330 44 361
284 315 300
346 330 361
315 330 346
56 58 547
547 58 578
454 52 485
48 423 392
392 46 48
361 46 392
50 423 48
50 52 454
454 423 50
175 32 34
117 145 131
5 130 117
117 130 145
162 145 177
192 208 177
38 40 268
192 176 207
239 207 222
889 908 877
889 876 907
704 720 689
718 702 733
70 72 764
764 733 70
907 876 888
952 89 940
928 952 940
831 816 800
800 816 785
101 102 945
945 914 931
875 898 906
861 898 875
900 915 932
915 946 932
884 915 900
899 875 906
862 875 899
899 884 862
915 884 899
105 946 104
104 946 965
923 937 906
906 898 923
923 898 914
923 914 945
98 963 97
943 963 921
943 97 963
942 930 911
92 962 91
94 95 942
941 920 962
910 920 941
941 92 93
962 92 941
91 962 935
935 961 91
962 920 935
91 961 90
940 89 90
90 961 940
910 879 892
892 920 910
736 720 751
864 889 877
876 889 864
799 814 830
783 814 799
597 612 628
535 566 551
550 566 535
689 705 674
21 137 22
142 20 124
124 157 142
325 342 310
310 342 326
356 342 325
373 342 356
403 418 434
434 419 403
185 216 202
201 216 185
26 127 27
238 236 254
254 269 238
132 10 9
119 9 8
132 9 119
153 131 162
157 124 136
14 13 134
121 13 12
134 13 121
120 10 132
355 371 387
387 372 355
418 403 387
387 403 372
231 216 201
248 216 231
262 247 230
355 372 341
341 356 325
372 356 341
325 310 294
323 340 308
495 522 507
297 312 328
328 313 297
344 359 328
328 312 344
298 313 329
234 250 266
634 650 619
445 462 430
430 462 446
478 506 495
446 462 478
478 462 494
494 506 478
553 522 537
537 568 553
553 568 584
553 584 569
465 481 449
449 433 465
418 433 449
434 418 449
584 568 599
568 583 599
615 600 584
584 599 615
630 646 615
615 599 630
585 570 554
601 570 585
585 554 569
569 600 585
788 772 803
667 682 698
667 652 636
697 682 666
803 772 787
787 818 803
787 772 756
756 771 787
913 882 896
874 905 896
851 835 868
882 868 850
850 868 835
820 835 851
649 665 634
678 663 647
648 679 664
663 679 648
694 679 663
663 678 694
109 110 959
108 109 948
948 109 959
900 932 916
916 932 947
63 655 65
624 655 63
63 61 624
624 61 593
624 593 608
608 639 624
624 639 655
67 65 686
686 65 655
49 426 51
500 512 484
607 592 576
270 284 300
270 255 239
268 284 253
239 222 253
253 270 239
284 270 253
299 330 315
315 284 299
42 330 299
299 284 268
299 40 42
268 40 299
331 346 362
331 317 300
300 315 331
315 346 331
578 58 60
627 643 612
533 517 548
534 518 549
518 533 549
56 547 516
501 485 516
563 547 578
578 594 563
563 579 548
594 579 563
54 485 52
56 516 54
54 516 485
439 423 454
501 517 486
471 455 486
396 427 412
440 455 471
504 493 476
535 551 520
520 504 535
493 504 520
477 462 445
494 462 477
476 493 461
461 477 445
493 477 461
456 440 471
427 440 456
428 397 412
428 413 397
503 518 534
30 115 1
1 115 2
129 3 2
2 115 129
152 32 175
129 115 152
152 30 32
115 30 152
4 130 5
145 130 161
161 176 192
192 177 161
161 177 145
5 117 6
131 7 6
6 117 131
286 317 302
300 317 286
286 270 300
255 270 286
223 208 192
192 207 223
223 240 208
255 240 223
223 207 239
239 255 223
237 38 268
268 253 237
237 253 222
36 38 237
84 85 950
950 85 938
908 889 927
927 889 907
907 938 927
938 951 927
87 951 86
938 85 86
86 951 938
66 702 671
657 642 626
626 641 657
657 641 672
76 826 74
718 733 749
780 765 749
749 764 780
733 764 749
70 733 68
68 702 66
68 733 702
795 764 72
72 74 795
795 74 826
780 764 795
811 780 795
795 826 811
734 703 718
718 749 734
734 749 765
734 719 703
734 765 750
750 719 734
796 780 811
796 765 780
80 888 78
863 826 76
76 78 863
863 78 888
863 888 876
89 952 88
818 787 802
802 787 771
756 725 740
740 771 756
769 800 785
99 964 98
936 963 98
98 964 936
921 963 936
936 905 921
100 101 955
955 101 945
945 931 955
897 882 913
913 931 897
897 868 882
897 931 914
729 744 760
698 713 729
713 744 729
698 729 714
762 778 747
638 607 622
746 730 761
823 838 854
791 822 807
807 822 838
823 792 807
807 838 823
106 107 947
869 884 900
869 854 838
915 899 924
924 946 915
965 946 924
924 899 906
906 937 924
924 937 965
965 937 103
103 104 965
945 102 956
956 923 945
937 923 956
102 103 956
956 103 937
912 943 921
930 943 912
97 943 96
832 848 817
893 879 910
93 94 953
953 941 93
953 94 942
904 935 920
904 892 873
920 892 904
735 719 750
704 719 735
720 704 735
735 751 720
878 857 844
844 865 878
844 829 813
857 829 844
878 865 890
890 865 877
877 908 890
908 928 890
843 864 877
877 865 843
812 797 781
781 796 812
750 765 781
765 796 781
828 797 812
812 843 828
828 843 865
813 797 828
828 844 813
865 844 828
845 830 814
814 829 845
845 857 873
845 829 857
736 751 767
752 736 767
767 783 752
567 551 582
566 597 582
582 551 566
565 550 534
534 549 565
565 549 580
689 674 658
658 674 643
643 627 658
658 627 642
598 583 567
567 582 598
552 568 537
552 583 568
537 521 552
567 583 552
630 645 661
692 677 661
661 646 630
661 677 646
708 692 723
708 677 692
138 24 23
139 127 26
194 188 219
233 217 249
281 312 297
297 266 281
281 266 250
296 312 281
218 250 234
233 250 218
187 218 204
204 218 234
234 219 204
204 219 188
138 149 168
168 204 188
168 149 187
187 204 168
114 21 20
114 20 142
142 158 114
137 21 114
114 158 137
173 185 202
157 185 173
142 157 173
173 158 142
202 217 186
186 173 202
158 173 186
174 149 137
137 158 174
158 186 174
187 149 174
19 124 20
18 136 19
19 136 124
327 296 311
296 280 311
295 310 326
326 311 295
295 311 280
404 419 435
450 419 434
435 419 450
402 433 418
418 387 402
402 387 371
417 433 402
373 356 388
388 404 373
419 404 388
388 403 419
388 356 372
372 403 388
254 283 285
285 269 254
43 333 45
301 333 43
43 41 301
301 41 269
269 285 301
316 333 301
301 285 316
47 45 364
364 45 333
29 28 128
252 283 254
254 236 252
236 220 252
37 238 39
269 41 39
39 238 269
132 119 154
8 7 118
118 7 131
131 153 118
162 177 195
195 177 208
193 164 180
17 16 135
123 136 18
18 17 123
123 17 135
157 136 167
201 185 167
167 185 157
122 16 15
15 141 122
135 16 122
15 14 113
113 141 15
113 14 134
134 155 113
155 141 113
10 120 11
166 183 200
262 230 246
355 341 324
293 308 324
324 340 355
324 308 340
278 247 262
262 293 278
263 231 247
247 278 263
263 278 294
248 231 263
323 308 292
320 305 289
289 304 320
274 305 290
274 243 258
258 289 274
274 289 305
197 210 226
258 243 226
227 243 259
259 244 227
259 274 290
243 274 259
323 339 354
354 340 323
354 371 340
353 339 322
446 431 415
415 430 446
399 430 415
447 431 463
463 478 495
463 431 446
446 478 463
417 432 448
448 433 417
448 480 465
465 433 448
464 432 447
480 448 464
464 448 432
229 245 261
261 246 229
228 245 213
213 198 228
182 198 213
245 229 213
199 182 213
213 229 199
228 244 260
260 245 228
316 285 314
314 285 283
314 283 298
298 329 314
316 314 332
332 314 329
345 329 313
345 328 359
313 328 345
636 620 651
651 667 636
682 667 651
651 666 682
588 619 604
538 553 569
522 553 538
538 507 522
523 507 538
538 554 523
569 554 538
571 587 556
556 572 541
587 572 556
481 509 498
631 615 646
600 615 631
601 585 616
616 585 600
616 631 647
600 631 616
773 788 804
835 820 804
681 666 650
650 665 681
681 712 697
697 666 681
696 712 681
681 665 696
635 619 650
650 666 635
635 604 619
620 604 635
635 651 620
666 651 635
817 848 833
833 802 817
833 849 818
818 802 833
922 896 905
905 936 922
922 936 964
913 896 922
803 818 834
818 849 834
819 850 835
835 804 819
819 804 788
819 834 850
819 788 803
803 834 819
861 875 852
852 862 837
852 875 862
837 822 806
806 822 791
680 649 664
696 665 680
665 649 680
693 708 724
677 708 693
663 648 632
601 616 632
647 663 632
632 616 647
664 649 633
633 648 664
696 680 711
710 694 725
679 694 710
757 788 773
772 788 757
108 948 958
958 107 108
947 107 958
900 916 885
870 854 885
885 869 900
854 869 885
112 960 111
83 960 112
83 81 925
925 960 83
959 110 949
110 111 949
949 111 960
949 960 925
925 918 949
841 810 825
841 75 810
77 75 841
841 872 77
77 872 79
856 841 825
872 841 856
934 948 959
917 948 934
959 949 934
934 949 918
69 748 71
71 748 779
810 75 73
71 779 73
73 779 810
593 61 59
623 592 607
623 638 654
607 638 623
654 639 623
608 592 623
623 639 608
67 686 717
717 69 67
748 69 717
686 701 717
732 748 717
717 701 732
55 53 492
459 53 51
51 426 459
492 53 459
426 442 459
475 492 459
459 442 475
57 55 531
531 55 492
608 593 577
577 592 608
411 442 426
411 425 442
407 438 410
375 359 344
489 484 512
474 490 514
545 530 514
457 490 474
438 453 457
473 490 457
457 453 473
545 514 529
529 514 490
610 579 594
610 595 579
610 641 626
626 595 610
642 627 611
626 642 611
611 595 626
580 595 611
517 533 502
471 486 502
502 486 517
502 533 518
532 517 501
547 563 532
548 517 532
532 563 548
501 516 532
532 516 547
455 439 470
501 486 470
470 486 455
470 485 501
454 485 470
470 439 454
408 392 423
423 439 408
378 396 365
493 520 505
505 477 493
505 521 494
494 477 505
476 461 444
413 428 444
382 367 350
397 413 382
445 430 414
414 430 399
320 304 336
336 304 319
319 350 336
350 367 336
472 456 487
518 503 487
487 503 472
487 502 518
487 456 471
471 502 487
443 428 412
443 456 472
412 427 443
427 456 443
476 444 460
460 444 428
460 443 472
428 443 460
160 152 175
129 152 160
116 4 3
116 3 129
130 4 116
255 286 271
271 240 255
271 286 302
256 240 271
302 287 271
271 287 256
36 237 206
206 34 36
175 34 206
206 237 222
84 950 82
926 938 907
926 950 938
907 888 926
926 888 80
80 82 926
926 82 950
66 671 64
625 610 594
641 610 625
718 703 687
687 703 672
687 702 718
687 671 702
642 657 673
673 658 642
673 704 689
689 658 673
827 796 811
812 796 827
827 843 812
864 843 827
811 826 842
826 863 842
842 827 811
864 827 842
876 864 842
842 863 876
87 88 939
939 951 87
939 88 952
908 927 939
939 927 951
939 928 908
952 928 939
755 740 724
771 740 755
754 769 785
785 770 754
800 769 784
100 955 944
944 99 100
964 99 944
913 922 944
944 922 964
944 931 913
944 955 931
914 898 883
883 897 914
883 861 851
883 898 861
851 868 883
868 897 883
762 747 731
731 746 762
716 747 732
732 701 716
716 701 685
716 685 700
700 731 716
716 731 747
715 730 746
746 731 715
700 684 715
715 731 700
669 684 700
700 685 669
669 685 654
654 638 669
823 854 839
839 854 870
809 824 840
825 809 840
840 856 825
871 856 840
855 870 886
886 871 855
855 839 870
824 839 855
871 840 855
855 840 824
793 824 809
793 778 762
809 778 793
792 761 776
776 807 792
760 791 776
791 807 776
105 106 957
957 946 105
957 932 946
947 932 957
957 106 947
884 869 853
862 884 853
838 822 853
853 869 838
837 862 853
853 822 837
895 912 921
895 905 874
921 905 895
894 911 930
930 912 894
95 96 954
954 96 943
954 943 930
942 95 954
954 930 942
801 832 817
801 770 785
785 816 801
816 832 801
847 816 831
847 832 816
910 941 929
941 953 929
929 893 910
911 893 929
942 911 929
929 953 942
873 857 891
891 904 873
891 857 878
751 735 766
766 735 750
750 781 766
766 781 797
879 893 866
866 846 879
831 846 866
866 847 831
831 800 815
815 846 831
800 784 815
830 846 815
799 830 815
815 784 799
858 892 879
879 846 858
858 846 830
830 845 858
873 892 858
858 845 873
782 767 751
751 766 782
782 797 813
782 766 797
613 597 628
613 582 597
629 598 613
613 598 582
550 565 581
566 550 581
612 597 581
581 597 566
583 598 614
614 599 583
629 645 614
614 598 629
614 645 630
630 599 614
660 645 629
690 674 705
738 754 723
769 754 738
125 23 22
22 137 125
137 149 125
125 149 138
138 23 125
25 139 26
234 266 251
251 219 234
233 249 265
296 281 265
265 280 296
265 249 280
265 250 233
265 281 250
138 168 150
150 168 188
203 218 187
233 218 203
187 174 203
203 174 186
203 217 233
203 186 217
310 295 279
279 294 310
248 263 279
279 263 294
202 216 232
232 216 248
232 217 202
232 249 217
280 249 264
264 295 280
249 232 264
264 279 295
248 279 264
264 232 248
499 483 467
435 450 467
511 483 499
499 526 511
511 526 542
500 483 511
395 49 47
47 364 395
426 49 395
395 364 380
380 411 395
395 411 426
380 364 347
316 332 347
347 333 316
347 364 333
29 128 31
28 27 140
140 128 28
140 27 127
33 190 35
221 238 37
37 35 221
221 35 190
236 238 221
205 220 236
236 221 205
205 221 190
159 190 33
33 31 159
159 31 128
128 140 159
143 119 8
8 118 143
171 154 143
143 154 119
143 153 171
143 118 153
178 153 162
162 195 178
178 195 209
171 153 178
224 195 208
209 195 224
208 240 224
224 240 256
146 120 132
146 180 164
171 178 196
196 178 209
179 210 197
179 196 210
179 154 171
171 196 179
148 135 166
148 123 135
136 123 148
148 167 136
166 135 156
135 122 156
156 183 166
156 122 141
193 227 212
228 198 212
212 244 228
227 244 212
134 121 147
12 11 133
133 121 12
133 11 120
164 147 133
133 147 121
133 146 164
120 146 133
215 200 230
215 231 201
247 231 215
215 230 247
293 324 309
309 278 293
309 324 341
309 341 325
325 294 309
294 278 309
277 292 308
277 308 293
277 246 261
261 292 277
277 293 262
262 246 277
322 339 307
307 339 323
323 292 307
290 305 321
321 306 290
337 305 320
337 321 305
320 336 351
351 336 367
351 337 320
368 337 351
211 180 197
197 226 211
211 227 193
193 180 211
211 243 227
211 226 243
371 354 386
417 402 386
386 402 371
385 353 369
384 368 399
399 415 384
479 464 447
495 507 479
479 463 495
447 463 479
480 464 496
496 507 523
496 479 507
464 479 496
214 229 246
214 246 230
214 183 199
199 229 214
230 200 214
214 200 183
275 260 244
290 306 275
275 259 290
244 259 275
291 306 322
322 307 291
291 275 306
260 275 291
380 347 363
363 347 332
588 572 603
634 619 603
603 619 588
603 572 587
571 556 540
509 524 540
499 467 482
482 467 450
481 498 466
434 449 466
466 449 481
466 450 434
466 482 450
498 482 466
525 556 541
525 498 509
509 540 525
525 540 556
555 524 539
539 570 555
555 570 586
555 540 524
586 571 555
571 540 555
539 524 508
508 523 539
508 496 523
480 496 508
860 834 849
860 849 874
874 896 860
850 834 860
860 896 882
882 850 860
820 805 789
789 804 820
789 758 773
773 804 789
759 728 743
759 744 728
821 852 837
837 806 821
836 805 820
851 861 836
836 820 851
836 821 805
861 852 836
852 821 836
695 680 664
695 710 726
726 711 695
695 711 680
664 679 695
679 710 695
678 693 709
709 740 725
724 740 709
709 693 724
725 694 709
709 694 678
662 693 678
662 678 647
647 631 662
662 631 646
646 677 662
677 693 662
618 633 649
618 603 587
618 649 634
634 603 618
648 633 617
586 601 617
601 632 617
617 632 648
696 711 727
727 758 743
727 712 696
743 712 727
726 710 741
772 757 741
741 757 726
741 710 725
741 725 756
756 772 741
933 916 947
947 958 933
933 948 917
933 958 948
81 79 903
925 81 903
903 79 872
903 918 925
886 917 902
917 934 902
902 871 886
902 934 918
732 747 763
763 747 778
763 748 732
763 779 748
670 701 686
655 639 670
670 686 655
670 639 654
654 685 670
685 701 670
562 531 546
562 577 593
546 577 562
593 59 562
562 59 57
57 531 562
515 492 475
515 531 492
546 531 515
515 530 546
561 577 546
546 530 561
592 577 561
561 530 545
545 576 561
561 576 592
491 515 475
530 515 491
474 514 491
491 514 530
441 425 410
410 438 441
441 457 474
438 457 441
475 442 458
442 425 458
458 491 475
425 441 458
474 491 458
458 441 474
376 345 359
422 406 437
437 453 422
422 453 438
438 407 422
358 344 327
358 375 344
469 489 473
473 453 469
469 453 437
437 452 469
484 489 469
469 452 484
557 526 541
541 572 557
557 572 588
542 526 557
605 620 636
652 668 637
559 590 575
589 604 620
620 605 589
473 489 513
513 490 473
513 529 490
579 595 564
548 579 564
564 533 548
564 549 533
580 549 564
564 595 580
392 408 377
362 346 377
377 346 361
361 392 377
393 378 362
362 377 393
393 377 408
302 317 334
521 505 536
567 552 536
536 552 521
536 505 520
536 551 567
536 520 551
413 444 429
429 444 461
429 461 445
445 414 429
398 382 413
367 382 398
413 429 398
398 429 414
488 504 476
476 460 488
472 503 488
488 460 472
191 160 175
176 160 191
175 206 191
191 206 222
191 207 176
191 222 207
129 160 144
144 116 129
144 160 176
176 161 144
144 161 130
130 116 144
609 625 594
609 594 578
609 60 62
578 60 609
671 687 656
641 625 656
672 641 656
656 687 672
688 673 657
703 719 688
688 719 704
704 673 688
672 703 688
688 657 672
770 755 739
739 708 723
724 708 739
739 755 724
723 754 739
739 754 770
786 802 771
771 755 786
817 802 786
786 755 770
786 801 817
770 801 786
683 668 652
698 714 683
683 667 698
652 667 683
699 714 730
730 715 699
699 683 714
668 683 699
684 668 699
699 715 684
808 792 823
823 839 808
808 839 824
824 793 808
730 714 745
745 761 730
745 776 761
760 776 745
745 729 760
745 714 729
859 833 848
849 833 859
874 849 859
859 895 874
881 859 848
895 859 881
912 895 881
881 894 912
832 847 867
848 832 867
867 881 848
894 881 867
880 893 911
911 894 880
880 866 893
847 866 880
894 867 880
880 867 847
909 928 940
909 891 878
878 890 909
909 890 928
813 829 798
798 782 813
767 782 798
783 767 798
814 783 798
798 829 814
596 627 612
612 581 596
596 581 565
596 611 627
596 565 580
580 611 596
645 660 676
692 661 676
676 661 645
721 690 705
721 736 752
721 705 736
706 690 721
628 643 659
643 674 659
674 690 659
753 784 769
769 738 753
282 313 298
282 251 266
297 313 282
282 266 297
235 252 220
219 251 235
235 220 194
194 219 235
126 25 24
126 24 138
138 150 126
139 25 126
126 150 139
169 188 194
169 150 188
139 150 169
468 483 500
500 484 468
484 452 468
194 220 189
220 205 189
189 169 194
170 205 190
190 159 170
170 189 205
170 159 140
197 180 163
180 146 163
163 179 197
154 179 163
132 154 163
163 146 132
258 226 242
242 226 210
241 224 256
209 224 241
288 303 319
319 304 288
166 200 184
184 148 166
184 215 201
200 215 184
201 167 184
167 148 184
199 183 172
183 156 172
172 156 141
172 141 155
172 182 199
155 182 172
193 212 181
181 212 198
181 164 193
181 147 164
165 155 134
134 147 165
165 182 155
165 198 182
165 181 198
147 181 165
306 321 338
322 306 338
369 353 338
338 353 322
383 351 367
367 398 383
383 398 414
383 414 399
399 368 383
368 351 383
401 432 417
417 386 401
400 385 369
400 415 431
369 384 400
400 384 415
416 431 447
416 401 385
416 400 431
385 400 416
447 432 416
432 401 416
245 260 276
260 291 276
276 291 307
261 245 276
276 292 261
276 307 292
410 425 394
425 411 394
394 411 380
380 363 394
499 482 510
541 526 510
510 526 499
510 482 498
510 525 541
498 525 510
497 508 524
497 481 465
465 480 497
480 508 497
497 509 481
497 524 509
774 759 743
743 758 774
758 789 774
774 789 805
744 759 775
760 744 775
775 791 760
775 806 791
602 618 587
633 618 602
602 587 571
602 571 586
586 617 602
602 617 633
742 727 711
742 711 726
773 758 742
758 727 742
742 757 773
726 757 742
870 885 901
886 870 901
901 885 916
916 933 901
901 917 886
901 933 917
887 856 871
871 902 887
872 856 887
887 903 872
918 903 887
887 902 918
779 763 794
825 810 794
810 779 794
794 809 825
794 778 809
794 763 778
410 394 379
379 394 363
379 407 410
379 376 407
391 375 406
406 422 391
359 375 391
391 422 407
391 376 359
407 376 391
406 375 390
375 358 390
652 637 621
590 605 621
636 652 621
621 605 636
653 668 684
653 637 668
622 637 653
684 669 653
653 638 622
653 669 638
606 575 590
590 621 606
606 621 637
606 637 622
560 576 545
545 529 560
558 543 527
500 511 527
527 512 500
527 543 512
542 558 527
527 511 542
574 543 558
558 589 574
574 589 605
574 605 590
574 590 559
559 543 574
604 589 573
573 589 558
573 558 542
542 557 573
588 604 573
573 557 588
528 513 489
528 489 512
512 543 528
528 543 559
378 393 409
409 396 378
427 396 409
409 440 427
348 334 317
362 378 348
378 365 348
365 334 348
348 331 362
317 331 348
303 287 318
318 287 302
302 334 318
504 488 519
519 550 535
535 504 519
534 550 519
519 503 534
519 488 503
62 64 640
640 609 62
640 64 671
625 609 640
671 656 640
640 656 625
777 793 762
777 808 793
762 746 777
746 761 777
777 761 792
792 808 777
940 961 919
919 909 940
891 909 919
904 891 919
961 935 919
935 904 919
691 676 660
644 613 628
628 659 644
629 613 644
644 660 629
675 690 706
675 659 690
675 644 659
660 644 675
706 691 675
675 691 660
737 721 752
706 721 737
252 235 267
298 283 267
283 252 267
267 235 251
267 282 298
251 282 267
483 468 451
435 467 451
451 467 483
151 140 127
151 170 140
189 170 151
169 189 151
127 139 151
139 169 151
273 289 258
258 242 273
304 289 273
273 242 257
273 288 304
257 288 273
257 242 225
225 241 257
210 196 225
225 242 210
225 196 209
209 241 225
256 287 272
272 241 256
272 287 303
303 288 272
257 241 272
272 288 257
352 338 321
321 337 352
352 384 369
369 338 352
352 337 368
368 384 352
385 401 370
339 353 370
353 385 370
370 354 339
370 386 354
370 401 386
759 774 790
790 775 759
805 821 790
790 774 805
790 821 806
806 775 790
360 379 363
360 332 329
360 363 332
329 345 360
345 376 360
376 379 360
437 406 421
406 390 421
421 452 437
374 390 358
591 560 575
591 606 622
575 606 591
622 607 591
607 576 591
576 560 591
575 560 544
513 528 544
529 513 544
544 560 529
559 575 544
544 528 559
455 440 424
440 409 424
424 409 393
424 439 455
424 408 439
424 393 408
303 318 335
319 303 335
335 350 319
676 691 707
692 676 707
723 692 707
707 738 723
753 737 768
799 784 768
784 753 768
768 783 799
752 783 768
768 737 752
722 737 753
722 707 691
722 691 706
706 737 722
722 753 738
738 707 722
357 342 373
326 342 357
343 311 326
326 357 343
343 357 374
343 374 358
327 311 343
343 358 327
420 404 435
435 451 420
350 335 366
397 382 366
366 382 350
436 468 452
452 421 436
436 451 468
436 420 451
404 420 389
373 404 389
389 357 373
374 357 389
349 366 335
349 335 318
349 334 365
349 318 334
374 389 405
405 436 421
420 436 405
405 389 420
405 421 390
390 374 405
366 349 381
412 397 381
397 366 381
381 396 412
381 365 396
381 349 365
