81 
0.500000 0.500000
0.000000 0.000000
0.500000 0.000000
1.000000 0.000000
1.000000 0.500000
1.000000 1.000000
0.500000 1.000000
0.000000 1.000000
0.000000 0.500000
0.000000 0.250000
0.250000 0.250000
0.250000 0.500000
0.500000 0.250000
0.250000 0.000000
0.750000 0.000000
0.750000 0.250000
0.750000 0.500000
1.000000 0.250000
0.250000 0.750000
0.000000 0.750000
0.250000 1.000000
0.500000 0.750000
0.750000 0.750000
0.750000 1.000000
1.000000 0.750000
0.000000 0.375000
0.125000 0.375000
0.125000 0.500000
0.000000 0.125000
0.125000 0.125000
0.125000 0.250000
0.250000 0.375000
0.375000 0.375000
0.375000 0.500000
0.500000 0.125000
0.375000 0.125000
0.375000 0.000000
0.500000 0.375000
0.375000 0.250000
0.250000 0.125000
0.125000 0.000000
0.625000 0.000000
0.625000 0.125000
0.875000 0.000000
0.875000 0.125000
0.750000 0.125000
0.625000 0.250000
0.625000 0.375000
0.875000 0.500000
0.875000 0.375000
1.000000 0.375000
0.625000 0.500000
0.750000 0.375000
0.875000 0.250000
1.000000 0.125000
0.125000 0.625000
0.000000 0.625000
0.375000 0.625000
0.250000 0.625000
0.125000 0.750000
0.125000 0.875000
0.000000 0.875000
0.375000 1.000000
0.375000 0.875000
0.500000 0.875000
0.125000 1.000000
0.250000 0.875000
0.375000 0.750000
0.500000 0.625000
0.625000 0.875000
0.625000 1.000000
0.625000 0.625000
0.625000 0.750000
0.750000 0.875000
0.875000 0.875000
0.875000 1.000000
1.000000 0.625000
0.875000 0.625000
1.000000 0.875000
0.875000 0.750000
0.750000 0.625000
128
9 26 28 
26 10 27 
26 27 28 
27 12 28 
10 29 31 
29 2 30 
29 30 31 
30 11 31 
10 31 27 
31 11 32 
31 32 27 
32 12 27 
11 33 32 
33 1 34 
33 34 32 
34 12 32 
3 35 37 
35 13 36 
35 36 37 
36 14 37 
13 38 39 
38 1 33 
38 33 39 
33 11 39 
13 39 36 
39 11 40 
39 40 36 
40 14 36 
11 30 40 
30 2 41 
30 41 40 
41 14 40 
3 42 35 
42 15 43 
42 43 35 
43 13 35 
15 44 46 
44 4 45 
44 45 46 
45 16 46 
15 46 43 
46 16 47 
46 47 43 
47 13 43 
16 48 47 
48 1 38 
48 38 47 
38 13 47 
5 49 51 
49 17 50 
49 50 51 
50 18 51 
17 52 53 
52 1 48 
52 48 53 
48 16 53 
17 53 50 
53 16 54 
53 54 50 
54 18 50 
16 45 54 
45 4 55 
45 55 54 
55 18 54 
9 28 57 
28 12 56 
28 56 57 
56 20 57 
12 34 59 
34 1 58 
34 58 59 
58 19 59 
12 59 56 
59 19 60 
59 60 56 
60 20 56 
19 61 60 
61 8 62 
61 62 60 
62 20 60 
7 63 65 
63 21 64 
63 64 65 
64 22 65 
21 66 67 
66 8 61 
66 61 67 
61 19 67 
21 67 64 
67 19 68 
67 68 64 
68 22 64 
19 58 68 
58 1 69 
58 69 68 
69 22 68 
7 65 71 
65 22 70 
65 70 71 
70 24 71 
22 69 73 
69 1 72 
69 72 73 
72 23 73 
22 73 70 
73 23 74 
73 74 70 
74 24 70 
23 75 74 
75 6 76 
75 76 74 
76 24 74 
5 77 49 
77 25 78 
77 78 49 
78 17 49 
25 79 80 
79 6 75 
79 75 80 
75 23 80 
25 80 78 
80 23 81 
80 81 78 
81 17 78 
23 72 81 
72 1 52 
72 52 81 
52 17 81 
