1089 
0.500000 0.500000
0.000000 0.000000
0.500000 0.000000
1.000000 0.000000
1.000000 0.500000
1.000000 1.000000
0.500000 1.000000
0.000000 1.000000
0.000000 0.500000
0.000000 0.250000
0.250000 0.250000
0.250000 0.500000
0.500000 0.250000
0.250000 0.000000
0.750000 0.000000
0.750000 0.250000
0.750000 0.500000
1.000000 0.250000
0.250000 0.750000
0.000000 0.750000
0.250000 1.000000
0.500000 0.750000
0.750000 0.750000
0.750000 1.000000
1.000000 0.750000
0.000000 0.375000
0.125000 0.375000
0.125000 0.500000
0.000000 0.125000
0.125000 0.125000
0.125000 0.250000
0.250000 0.375000
0.375000 0.375000
0.375000 0.500000
0.500000 0.125000
0.375000 0.125000
0.375000 0.000000
0.500000 0.375000
0.375000 0.250000
0.250000 0.125000
0.125000 0.000000
0.625000 0.000000
0.625000 0.125000
0.875000 0.000000
0.875000 0.125000
0.750000 0.125000
0.625000 0.250000
0.625000 0.375000
0.875000 0.500000
0.875000 0.375000
1.000000 0.375000
0.625000 0.500000
0.750000 0.375000
0.875000 0.250000
1.000000 0.125000
0.125000 0.625000
0.000000 0.625000
0.375000 0.625000
0.250000 0.625000
0.125000 0.750000
0.125000 0.875000
0.000000 0.875000
0.375000 1.000000
0.375000 0.875000
0.500000 0.875000
0.125000 1.000000
0.250000 0.875000
0.375000 0.750000
0.500000 0.625000
0.625000 0.875000
0.625000 1.000000
0.625000 0.625000
0.625000 0.750000
0.750000 0.875000
0.875000 0.875000
0.875000 1.000000
1.000000 0.625000
0.875000 0.625000
1.000000 0.875000
0.875000 0.750000
0.750000 0.625000
0.000000 0.437500
0.062500 0.437500
0.062500 0.500000
0.000000 0.312500
0.062500 0.312500
0.062500 0.375000
0.125000 0.437500
0.187500 0.437500
0.187500 0.500000
0.000000 0.187500
0.062500 0.187500
0.062500 0.250000
0.000000 0.062500
0.062500 0.062500
0.062500 0.125000
0.125000 0.187500
0.187500 0.187500
0.187500 0.250000
0.125000 0.312500
0.250000 0.312500
0.187500 0.312500
0.187500 0.375000
0.250000 0.437500
0.312500 0.312500
0.312500 0.375000
0.437500 0.437500
0.437500 0.500000
0.375000 0.437500
0.312500 0.437500
0.312500 0.500000
0.500000 0.062500
0.437500 0.062500
0.437500 0.000000
0.500000 0.187500
0.437500 0.187500
0.437500 0.125000
0.375000 0.062500
0.312500 0.062500
0.312500 0.000000
0.500000 0.312500
0.437500 0.312500
0.437500 0.250000
0.500000 0.437500
0.437500 0.375000
0.375000 0.312500
0.312500 0.250000
0.375000 0.187500
0.250000 0.187500
0.312500 0.187500
0.312500 0.125000
0.250000 0.062500
0.187500 0.125000
0.062500 0.000000
0.125000 0.062500
0.187500 0.062500
0.187500 0.000000
0.562500 0.000000
0.562500 0.062500
0.687500 0.000000
0.687500 0.062500
0.625000 0.062500
0.562500 0.125000
0.562500 0.187500
0.812500 0.000000
0.812500 0.062500
0.750000 0.062500
0.937500 0.000000
0.937500 0.062500
0.875000 0.062500
0.812500 0.125000
0.812500 0.187500
0.750000 0.187500
0.687500 0.125000
0.687500 0.250000
0.687500 0.187500
0.625000 0.187500
0.562500 0.250000
0.687500 0.312500
0.625000 0.312500
0.562500 0.437500
0.562500 0.375000
0.562500 0.312500
0.937500 0.500000
0.937500 0.437500
1.000000 0.437500
0.812500 0.500000
0.812500 0.437500
0.875000 0.437500
0.937500 0.375000
0.937500 0.312500
1.000000 0.312500
0.687500 0.500000
0.687500 0.437500
0.750000 0.437500
0.562500 0.500000
0.625000 0.437500
0.687500 0.375000
0.750000 0.312500
0.812500 0.375000
0.812500 0.250000
0.812500 0.312500
0.875000 0.312500
0.937500 0.250000
0.875000 0.187500
1.000000 0.062500
0.937500 0.125000
0.937500 0.187500
1.000000 0.187500
0.062500 0.562500
0.000000 0.562500
0.187500 0.562500
0.125000 0.562500
0.062500 0.625000
0.062500 0.687500
0.000000 0.687500
0.312500 0.562500
0.250000 0.562500
0.437500 0.562500
0.375000 0.562500
0.312500 0.625000
0.312500 0.687500
0.250000 0.687500
0.187500 0.625000
0.187500 0.750000
0.187500 0.687500
0.125000 0.687500
0.062500 0.750000
0.187500 0.812500
0.125000 0.812500
0.062500 0.937500
0.000000 0.937500
0.062500 0.875000
0.062500 0.812500
0.000000 0.812500
0.437500 1.000000
0.437500 0.937500
0.500000 0.937500
0.312500 1.000000
0.312500 0.937500
0.375000 0.937500
0.437500 0.875000
0.437500 0.812500
0.500000 0.812500
0.187500 1.000000
0.187500 0.937500
0.250000 0.937500
0.062500 1.000000
0.125000 0.937500
0.187500 0.875000
0.250000 0.812500
0.312500 0.875000
0.312500 0.750000
0.312500 0.812500
0.375000 0.812500
0.437500 0.750000
0.375000 0.687500
0.500000 0.562500
0.437500 0.625000
0.437500 0.687500
0.500000 0.687500
0.562500 0.937500
0.562500 1.000000
0.562500 0.812500
0.562500 0.875000
0.625000 0.937500
0.687500 0.937500
0.687500 1.000000
0.562500 0.687500
0.562500 0.750000
0.562500 0.562500
0.562500 0.625000
0.625000 0.687500
0.687500 0.687500
0.687500 0.750000
0.625000 0.812500
0.750000 0.812500
0.687500 0.812500
0.687500 0.875000
0.750000 0.937500
0.812500 0.812500
0.812500 0.875000
0.937500 0.937500
0.937500 1.000000
0.875000 0.937500
0.812500 0.937500
0.812500 1.000000
1.000000 0.562500
0.937500 0.562500
1.000000 0.687500
0.937500 0.687500
0.937500 0.625000
0.875000 0.562500
0.812500 0.562500
1.000000 0.812500
0.937500 0.812500
0.937500 0.750000
1.000000 0.937500
0.937500 0.875000
0.875000 0.812500
0.812500 0.750000
0.875000 0.687500
0.750000 0.687500
0.812500 0.687500
0.812500 0.625000
0.750000 0.562500
0.687500 0.625000
0.625000 0.562500
0.687500 0.562500
0.000000 0.468750
0.031250 0.468750
0.031250 0.500000
0.000000 0.406250
0.031250 0.406250
0.031250 0.437500
0.062500 0.468750
0.093750 0.468750
0.093750 0.500000
0.000000 0.343750
0.031250 0.343750
0.031250 0.375000
0.000000 0.281250
0.031250 0.281250
0.031250 0.312500
0.062500 0.343750
0.093750 0.343750
0.093750 0.375000
0.062500 0.406250
0.125000 0.406250
0.093750 0.406250
0.093750 0.437500
0.125000 0.468750
0.156250 0.406250
0.156250 0.437500
0.218750 0.468750
0.218750 0.500000
0.187500 0.468750
0.156250 0.468750
0.156250 0.500000
0.000000 0.218750
0.031250 0.218750
0.031250 0.250000
0.000000 0.156250
0.031250 0.156250
0.031250 0.187500
0.062500 0.218750
0.093750 0.218750
0.093750 0.250000
0.000000 0.093750
0.031250 0.093750
0.031250 0.125000
0.000000 0.031250
0.031250 0.031250
0.031250 0.062500
0.062500 0.093750
0.093750 0.093750
0.093750 0.125000
0.062500 0.156250
0.125000 0.156250
0.093750 0.156250
0.093750 0.187500
0.125000 0.218750
0.156250 0.156250
0.156250 0.187500
0.218750 0.218750
0.218750 0.250000
0.187500 0.218750
0.156250 0.218750
0.156250 0.250000
0.062500 0.281250
0.125000 0.281250
0.093750 0.281250
0.093750 0.312500
0.125000 0.343750
0.187500 0.281250
0.156250 0.281250
0.250000 0.281250
0.218750 0.281250
0.218750 0.312500
0.250000 0.343750
0.218750 0.343750
0.156250 0.312500
0.218750 0.375000
0.187500 0.343750
0.156250 0.343750
0.156250 0.375000
0.250000 0.406250
0.218750 0.406250
0.250000 0.468750
0.218750 0.437500
0.187500 0.406250
0.281250 0.281250
0.281250 0.312500
0.343750 0.343750
0.343750 0.375000
0.312500 0.343750
0.281250 0.343750
0.281250 0.375000
0.406250 0.406250
0.406250 0.437500
0.375000 0.406250
0.468750 0.468750
0.468750 0.500000
0.437500 0.468750
0.406250 0.468750
0.406250 0.500000
0.375000 0.468750
0.343750 0.406250
0.343750 0.468750
0.343750 0.437500
0.312500 0.406250
0.281250 0.406250
0.343750 0.500000
0.312500 0.468750
0.281250 0.500000
0.281250 0.468750
0.281250 0.437500
0.500000 0.031250
0.468750 0.031250
0.468750 0.000000
0.500000 0.093750
0.468750 0.093750
0.468750 0.062500
0.437500 0.031250
0.406250 0.031250
0.406250 0.000000
0.500000 0.156250
0.468750 0.156250
0.468750 0.125000
0.500000 0.218750
0.468750 0.218750
0.468750 0.187500
0.437500 0.156250
0.406250 0.156250
0.406250 0.125000
0.437500 0.093750
0.375000 0.093750
0.406250 0.093750
0.406250 0.062500
0.375000 0.031250
0.343750 0.093750
0.343750 0.062500
0.281250 0.031250
0.281250 0.000000
0.312500 0.031250
0.343750 0.031250
0.343750 0.000000
0.500000 0.281250
0.468750 0.281250
0.468750 0.250000
0.500000 0.343750
0.468750 0.343750
0.468750 0.312500
0.437500 0.281250
0.406250 0.281250
0.406250 0.250000
0.500000 0.406250
0.468750 0.406250
0.468750 0.375000
0.500000 0.468750
0.468750 0.437500
0.437500 0.406250
0.406250 0.375000
0.437500 0.343750
0.375000 0.343750
0.406250 0.343750
0.406250 0.312500
0.375000 0.281250
0.343750 0.312500
0.281250 0.250000
0.312500 0.281250
0.343750 0.281250
0.343750 0.250000
0.437500 0.218750
0.375000 0.218750
0.406250 0.218750
0.406250 0.187500
0.375000 0.156250
0.312500 0.218750
0.343750 0.218750
0.250000 0.218750
0.281250 0.218750
0.281250 0.187500
0.250000 0.156250
0.281250 0.156250
0.343750 0.187500
0.281250 0.125000
0.312500 0.156250
0.343750 0.156250
0.343750 0.125000
0.250000 0.093750
0.281250 0.093750
0.250000 0.031250
0.281250 0.062500
0.312500 0.093750
0.218750 0.187500
0.156250 0.125000
0.187500 0.156250
0.218750 0.156250
0.218750 0.125000
0.093750 0.062500
0.125000 0.093750
0.031250 0.000000
0.062500 0.031250
0.093750 0.031250
0.093750 0.000000
0.125000 0.031250
0.156250 0.093750
0.156250 0.031250
0.156250 0.062500
0.187500 0.093750
0.218750 0.093750
0.156250 0.000000
0.187500 0.031250
0.218750 0.000000
0.218750 0.031250
0.218750 0.062500
0.531250 0.000000
0.531250 0.031250
0.593750 0.000000
0.593750 0.031250
0.562500 0.031250
0.531250 0.062500
0.531250 0.093750
0.656250 0.000000
0.656250 0.031250
0.625000 0.031250
0.718750 0.000000
0.718750 0.031250
0.687500 0.031250
0.656250 0.062500
0.656250 0.093750
0.625000 0.093750
0.593750 0.062500
0.593750 0.125000
0.593750 0.093750
0.562500 0.093750
0.531250 0.125000
0.593750 0.156250
0.562500 0.156250
0.531250 0.218750
0.531250 0.187500
0.531250 0.156250
0.781250 0.000000
0.781250 0.031250
0.750000 0.031250
0.843750 0.000000
0.843750 0.031250
0.812500 0.031250
0.781250 0.062500
0.781250 0.093750
0.750000 0.093750
0.906250 0.000000
0.906250 0.031250
0.875000 0.031250
0.968750 0.000000
0.968750 0.031250
0.937500 0.031250
0.906250 0.062500
0.906250 0.093750
0.875000 0.093750
0.843750 0.062500
0.843750 0.125000
0.843750 0.093750
0.812500 0.093750
0.781250 0.125000
0.843750 0.156250
0.812500 0.156250
0.781250 0.218750
0.750000 0.218750
0.781250 0.187500
0.781250 0.156250
0.750000 0.156250
0.718750 0.062500
0.718750 0.125000
0.718750 0.093750
0.687500 0.093750
0.656250 0.125000
0.718750 0.187500
0.718750 0.156250
0.718750 0.250000
0.718750 0.218750
0.687500 0.218750
0.656250 0.250000
0.656250 0.218750
0.687500 0.156250
0.625000 0.218750
0.656250 0.187500
0.656250 0.156250
0.625000 0.156250
0.593750 0.250000
0.593750 0.218750
0.531250 0.250000
0.562500 0.218750
0.593750 0.187500
0.718750 0.281250
0.687500 0.281250
0.656250 0.343750
0.625000 0.343750
0.656250 0.312500
0.656250 0.281250
0.625000 0.281250
0.593750 0.406250
0.562500 0.406250
0.593750 0.375000
0.531250 0.468750
0.531250 0.437500
0.531250 0.406250
0.531250 0.375000
0.593750 0.343750
0.531250 0.343750
0.562500 0.343750
0.593750 0.312500
0.593750 0.281250
0.531250 0.312500
0.531250 0.281250
0.562500 0.281250
0.968750 0.500000
0.968750 0.468750
1.000000 0.468750
0.906250 0.500000
0.906250 0.468750
0.937500 0.468750
0.968750 0.437500
0.968750 0.406250
1.000000 0.406250
0.843750 0.500000
0.843750 0.468750
0.875000 0.468750
0.781250 0.500000
0.781250 0.468750
0.812500 0.468750
0.843750 0.437500
0.843750 0.406250
0.875000 0.406250
0.906250 0.437500
0.906250 0.375000
0.906250 0.406250
0.937500 0.406250
0.968750 0.375000
0.906250 0.343750
0.937500 0.343750
0.968750 0.281250
1.000000 0.281250
0.968750 0.312500
0.968750 0.343750
1.000000 0.343750
0.718750 0.500000
0.718750 0.468750
0.750000 0.468750
0.656250 0.500000
0.656250 0.468750
0.687500 0.468750
0.718750 0.437500
0.718750 0.406250
0.750000 0.406250
0.593750 0.500000
0.593750 0.468750
0.625000 0.468750
0.531250 0.500000
0.562500 0.468750
0.593750 0.437500
0.625000 0.406250
0.656250 0.437500
0.656250 0.375000
0.656250 0.406250
0.687500 0.406250
0.718750 0.375000
0.687500 0.343750
0.750000 0.281250
0.718750 0.312500
0.718750 0.343750
0.750000 0.343750
0.781250 0.437500
0.781250 0.375000
0.781250 0.406250
0.812500 0.406250
0.843750 0.375000
0.781250 0.312500
0.781250 0.343750
0.781250 0.250000
0.781250 0.281250
0.812500 0.281250
0.843750 0.250000
0.843750 0.281250
0.812500 0.343750
0.875000 0.281250
0.843750 0.312500
0.843750 0.343750
0.875000 0.343750
0.906250 0.250000
0.906250 0.281250
0.968750 0.250000
0.937500 0.281250
0.906250 0.312500
0.812500 0.218750
0.875000 0.156250
0.843750 0.187500
0.843750 0.218750
0.875000 0.218750
0.937500 0.093750
0.906250 0.125000
1.000000 0.031250
0.968750 0.062500
0.968750 0.093750
1.000000 0.093750
0.968750 0.125000
0.906250 0.156250
0.968750 0.156250
0.937500 0.156250
0.906250 0.187500
0.906250 0.218750
1.000000 0.156250
0.968750 0.187500
1.000000 0.218750
0.968750 0.218750
0.937500 0.218750
0.031250 0.531250
0.000000 0.531250
0.093750 0.531250
0.062500 0.531250
0.031250 0.562500
0.031250 0.593750
0.000000 0.593750
0.156250 0.531250
0.125000 0.531250
0.218750 0.531250
0.187500 0.531250
0.156250 0.562500
0.156250 0.593750
0.125000 0.593750
0.093750 0.562500
0.093750 0.625000
0.093750 0.593750
0.062500 0.593750
0.031250 0.625000
0.093750 0.656250
0.062500 0.656250
0.031250 0.718750
0.000000 0.718750
0.031250 0.687500
0.031250 0.656250
0.000000 0.656250
0.281250 0.531250
0.250000 0.531250
0.343750 0.531250
0.312500 0.531250
0.281250 0.562500
0.281250 0.593750
0.250000 0.593750
0.406250 0.531250
0.375000 0.531250
0.468750 0.531250
0.437500 0.531250
0.406250 0.562500
0.406250 0.593750
0.375000 0.593750
0.343750 0.562500
0.343750 0.625000
0.343750 0.593750
0.312500 0.593750
0.281250 0.625000
0.343750 0.656250
0.312500 0.656250
0.281250 0.718750
0.250000 0.718750
0.281250 0.687500
0.281250 0.656250
0.250000 0.656250
0.218750 0.562500
0.218750 0.625000
0.218750 0.593750
0.187500 0.593750
0.156250 0.625000
0.218750 0.687500
0.218750 0.656250
0.218750 0.750000
0.218750 0.718750
0.187500 0.718750
0.156250 0.750000
0.156250 0.718750
0.187500 0.656250
0.125000 0.718750
0.156250 0.687500
0.156250 0.656250
0.125000 0.656250
0.093750 0.750000
0.093750 0.718750
0.031250 0.750000
0.062500 0.718750
0.093750 0.687500
0.218750 0.781250
0.187500 0.781250
0.156250 0.843750
0.125000 0.843750
0.156250 0.812500
0.156250 0.781250
0.125000 0.781250
0.093750 0.906250
0.062500 0.906250
0.093750 0.875000
0.031250 0.968750
0.000000 0.968750
0.031250 0.937500
0.031250 0.906250
0.000000 0.906250
0.031250 0.875000
0.093750 0.843750
0.031250 0.843750
0.062500 0.843750
0.093750 0.812500
0.093750 0.781250
0.000000 0.843750
0.031250 0.812500
0.000000 0.781250
0.031250 0.781250
0.062500 0.781250
0.468750 1.000000
0.468750 0.968750
0.500000 0.968750
0.406250 1.000000
0.406250 0.968750
0.437500 0.968750
0.468750 0.937500
0.468750 0.906250
0.500000 0.906250
0.343750 1.000000
0.343750 0.968750
0.375000 0.968750
0.281250 1.000000
0.281250 0.968750
0.312500 0.968750
0.343750 0.937500
0.343750 0.906250
0.375000 0.906250
0.406250 0.937500
0.406250 0.875000
0.406250 0.906250
0.437500 0.906250
0.468750 0.875000
0.406250 0.843750
0.437500 0.843750
0.468750 0.781250
0.500000 0.781250
0.468750 0.812500
0.468750 0.843750
0.500000 0.843750
0.218750 1.000000
0.218750 0.968750
0.250000 0.968750
0.156250 1.000000
0.156250 0.968750
0.187500 0.968750
0.218750 0.937500
0.218750 0.906250
0.250000 0.906250
0.093750 1.000000
0.093750 0.968750
0.125000 0.968750
0.031250 1.000000
0.062500 0.968750
0.093750 0.937500
0.125000 0.906250
0.156250 0.937500
0.156250 0.875000
0.156250 0.906250
0.187500 0.906250
0.218750 0.875000
0.187500 0.843750
0.250000 0.781250
0.218750 0.812500
0.218750 0.843750
0.250000 0.843750
0.281250 0.937500
0.281250 0.875000
0.281250 0.906250
0.312500 0.906250
0.343750 0.875000
0.281250 0.812500
0.281250 0.843750
0.281250 0.750000
0.281250 0.781250
0.312500 0.781250
0.343750 0.750000
0.343750 0.781250
0.312500 0.843750
0.375000 0.781250
0.343750 0.812500
0.343750 0.843750
0.375000 0.843750
0.406250 0.750000
0.406250 0.781250
0.468750 0.750000
0.437500 0.781250
0.406250 0.812500
0.312500 0.718750
0.375000 0.656250
0.343750 0.687500
0.343750 0.718750
0.375000 0.718750
0.437500 0.593750
0.406250 0.625000
0.500000 0.531250
0.468750 0.562500
0.468750 0.593750
0.500000 0.593750
0.468750 0.625000
0.406250 0.656250
0.468750 0.656250
0.437500 0.656250
0.406250 0.687500
0.406250 0.718750
0.500000 0.656250
0.468750 0.687500
0.500000 0.718750
0.468750 0.718750
0.437500 0.718750
0.531250 0.968750
0.531250 1.000000
0.531250 0.906250
0.531250 0.937500
0.562500 0.968750
0.593750 0.968750
0.593750 1.000000
0.531250 0.843750
0.531250 0.875000
0.531250 0.781250
0.531250 0.812500
0.562500 0.843750
0.593750 0.843750
0.593750 0.875000
0.562500 0.906250
0.625000 0.906250
0.593750 0.906250
0.593750 0.937500
0.625000 0.968750
0.656250 0.906250
0.656250 0.937500
0.718750 0.968750
0.718750 1.000000
0.687500 0.968750
0.656250 0.968750
0.656250 1.000000
0.531250 0.718750
0.531250 0.750000
0.531250 0.656250
0.531250 0.687500
0.562500 0.718750
0.593750 0.718750
0.593750 0.750000
0.531250 0.593750
0.531250 0.625000
0.531250 0.531250
0.531250 0.562500
0.562500 0.593750
0.593750 0.593750
0.593750 0.625000
0.562500 0.656250
0.625000 0.656250
0.593750 0.656250
0.593750 0.687500
0.625000 0.718750
0.656250 0.656250
0.656250 0.687500
0.718750 0.718750
0.718750 0.750000
0.687500 0.718750
0.656250 0.718750
0.656250 0.750000
0.562500 0.781250
0.625000 0.781250
0.593750 0.781250
0.593750 0.812500
0.625000 0.843750
0.687500 0.781250
0.656250 0.781250
0.750000 0.781250
0.718750 0.781250
0.718750 0.812500
0.750000 0.843750
0.718750 0.843750
0.656250 0.812500
0.718750 0.875000
0.687500 0.843750
0.656250 0.843750
0.656250 0.875000
0.750000 0.906250
0.718750 0.906250
0.750000 0.968750
0.718750 0.937500
0.687500 0.906250
0.781250 0.781250
0.781250 0.812500
0.843750 0.843750
0.843750 0.875000
0.812500 0.843750
0.781250 0.843750
0.781250 0.875000
0.906250 0.906250
0.906250 0.937500
0.875000 0.906250
0.968750 0.968750
0.968750 1.000000
0.937500 0.968750
0.906250 0.968750
0.906250 1.000000
0.875000 0.968750
0.843750 0.906250
0.843750 0.968750
0.843750 0.937500
0.812500 0.906250
0.781250 0.906250
0.843750 1.000000
0.812500 0.968750
0.781250 1.000000
0.781250 0.968750
0.781250 0.937500
1.000000 0.531250
0.968750 0.531250
1.000000 0.593750
0.968750 0.593750
0.968750 0.562500
0.937500 0.531250
0.906250 0.531250
1.000000 0.656250
0.968750 0.656250
0.968750 0.625000
1.000000 0.718750
0.968750 0.718750
0.968750 0.687500
0.937500 0.656250
0.906250 0.656250
0.906250 0.625000
0.937500 0.593750
0.875000 0.593750
0.906250 0.593750
0.906250 0.562500
0.875000 0.531250
0.843750 0.593750
0.843750 0.562500
0.781250 0.531250
0.812500 0.531250
0.843750 0.531250
1.000000 0.781250
0.968750 0.781250
0.968750 0.750000
1.000000 0.843750
0.968750 0.843750
0.968750 0.812500
0.937500 0.781250
0.906250 0.781250
0.906250 0.750000
1.000000 0.906250
0.968750 0.906250
0.968750 0.875000
1.000000 0.968750
0.968750 0.937500
0.937500 0.906250
0.906250 0.875000
0.937500 0.843750
0.875000 0.843750
0.906250 0.843750
0.906250 0.812500
0.875000 0.781250
0.843750 0.812500
0.781250 0.750000
0.812500 0.781250
0.843750 0.781250
0.843750 0.750000
0.937500 0.718750
0.875000 0.718750
0.906250 0.718750
0.906250 0.687500
0.875000 0.656250
0.812500 0.718750
0.843750 0.718750
0.750000 0.718750
0.781250 0.718750
0.781250 0.687500
0.750000 0.656250
0.781250 0.656250
0.843750 0.687500
0.781250 0.625000
0.812500 0.656250
0.843750 0.656250
0.843750 0.625000
0.750000 0.593750
0.781250 0.593750
0.750000 0.531250
0.781250 0.562500
0.812500 0.593750
0.718750 0.687500
0.656250 0.625000
0.687500 0.656250
0.718750 0.656250
0.718750 0.625000
0.593750 0.562500
0.625000 0.593750
0.562500 0.531250
0.593750 0.531250
0.625000 0.531250
0.656250 0.593750
0.656250 0.531250
0.656250 0.562500
0.687500 0.593750
0.718750 0.593750
0.687500 0.531250
0.718750 0.531250
0.718750 0.562500
2048
9 290 292 
290 82 291 
290 291 292 
291 84 292 
82 293 295 
293 26 294 
293 294 295 
294 83 295 
82 295 291 
295 83 296 
295 296 291 
296 84 291 
83 297 296 
297 28 298 
297 298 296 
298 84 296 
26 299 301 
299 85 300 
299 300 301 
300 87 301 
85 302 304 
302 10 303 
302 303 304 
303 86 304 
85 304 300 
304 86 305 
304 305 300 
305 87 300 
86 306 305 
306 27 307 
306 307 305 
307 87 305 
26 301 294 
301 87 308 
301 308 294 
308 83 294 
87 307 310 
307 27 309 
307 309 310 
309 88 310 
87 310 308 
310 88 311 
310 311 308 
311 83 308 
88 312 311 
312 28 297 
312 297 311 
297 83 311 
27 313 309 
313 89 314 
313 314 309 
314 88 309 
89 315 317 
315 12 316 
315 316 317 
316 90 317 
89 317 314 
317 90 318 
317 318 314 
318 88 314 
90 319 318 
319 28 312 
319 312 318 
312 88 318 
10 320 322 
320 91 321 
320 321 322 
321 93 322 
91 323 325 
323 29 324 
323 324 325 
324 92 325 
91 325 321 
325 92 326 
325 326 321 
326 93 321 
92 327 326 
327 31 328 
327 328 326 
328 93 326 
29 329 331 
329 94 330 
329 330 331 
330 96 331 
94 332 334 
332 2 333 
332 333 334 
333 95 334 
94 334 330 
334 95 335 
334 335 330 
335 96 330 
95 336 335 
336 30 337 
336 337 335 
337 96 335 
29 331 324 
331 96 338 
331 338 324 
338 92 324 
96 337 340 
337 30 339 
337 339 340 
339 97 340 
96 340 338 
340 97 341 
340 341 338 
341 92 338 
97 342 341 
342 31 327 
342 327 341 
327 92 341 
30 343 339 
343 98 344 
343 344 339 
344 97 339 
98 345 347 
345 11 346 
345 346 347 
346 99 347 
98 347 344 
347 99 348 
347 348 344 
348 97 344 
99 349 348 
349 31 342 
349 342 348 
342 97 348 
10 322 303 
322 93 350 
322 350 303 
350 86 303 
93 328 352 
328 31 351 
328 351 352 
351 100 352 
93 352 350 
352 100 353 
352 353 350 
353 86 350 
100 354 353 
354 27 306 
354 306 353 
306 86 353 
31 349 356 
349 99 355 
349 355 356 
355 102 356 
99 346 358 
346 11 357 
346 357 358 
357 101 358 
99 358 355 
358 101 359 
358 359 355 
359 102 355 
101 360 359 
360 32 361 
360 361 359 
361 102 359 
31 356 351 
356 102 362 
356 362 351 
362 100 351 
102 361 364 
361 32 363 
361 363 364 
363 103 364 
102 364 362 
364 103 365 
364 365 362 
365 100 362 
103 366 365 
366 27 354 
366 354 365 
354 100 365 
32 367 363 
367 104 368 
367 368 363 
368 103 363 
104 369 370 
369 12 315 
369 315 370 
315 89 370 
104 370 368 
370 89 371 
370 371 368 
371 103 368 
89 313 371 
313 27 366 
313 366 371 
366 103 371 
11 372 357 
372 105 373 
372 373 357 
373 101 357 
105 374 376 
374 33 375 
374 375 376 
375 106 376 
105 376 373 
376 106 377 
376 377 373 
377 101 373 
106 378 377 
378 32 360 
378 360 377 
360 101 377 
33 379 381 
379 107 380 
379 380 381 
380 109 381 
107 382 384 
382 1 383 
382 383 384 
383 108 384 
107 384 380 
384 108 385 
384 385 380 
385 109 380 
108 386 385 
386 34 387 
386 387 385 
387 109 385 
33 381 375 
381 109 388 
381 388 375 
388 106 375 
109 387 390 
387 34 389 
387 389 390 
389 110 390 
109 390 388 
390 110 391 
390 391 388 
391 106 388 
110 392 391 
392 32 378 
392 378 391 
378 106 391 
34 393 389 
393 111 394 
393 394 389 
394 110 389 
111 395 396 
395 12 369 
395 369 396 
369 104 396 
111 396 394 
396 104 397 
396 397 394 
397 110 394 
104 367 397 
367 32 392 
367 392 397 
392 110 397 
3 398 400 
398 112 399 
398 399 400 
399 114 400 
112 401 403 
401 35 402 
401 402 403 
402 113 403 
112 403 399 
403 113 404 
403 404 399 
404 114 399 
113 405 404 
405 37 406 
405 406 404 
406 114 404 
35 407 409 
407 115 408 
407 408 409 
408 117 409 
115 410 412 
410 13 411 
410 411 412 
411 116 412 
115 412 408 
412 116 413 
412 413 408 
413 117 408 
116 414 413 
414 36 415 
414 415 413 
415 117 413 
35 409 402 
409 117 416 
409 416 402 
416 113 402 
117 415 418 
415 36 417 
415 417 418 
417 118 418 
117 418 416 
418 118 419 
418 419 416 
419 113 416 
118 420 419 
420 37 405 
420 405 419 
405 113 419 
36 421 417 
421 119 422 
421 422 417 
422 118 417 
119 423 425 
423 14 424 
423 424 425 
424 120 425 
119 425 422 
425 120 426 
425 426 422 
426 118 422 
120 427 426 
427 37 420 
427 420 426 
420 118 426 
13 428 430 
428 121 429 
428 429 430 
429 123 430 
121 431 433 
431 38 432 
431 432 433 
432 122 433 
121 433 429 
433 122 434 
433 434 429 
434 123 429 
122 435 434 
435 39 436 
435 436 434 
436 123 434 
38 437 439 
437 124 438 
437 438 439 
438 125 439 
124 440 441 
440 1 382 
440 382 441 
382 107 441 
124 441 438 
441 107 442 
441 442 438 
442 125 438 
107 379 442 
379 33 443 
379 443 442 
443 125 442 
38 439 432 
439 125 444 
439 444 432 
444 122 432 
125 443 446 
443 33 445 
443 445 446 
445 126 446 
125 446 444 
446 126 447 
446 447 444 
447 122 444 
126 448 447 
448 39 435 
448 435 447 
435 122 447 
33 374 445 
374 105 449 
374 449 445 
449 126 445 
105 372 451 
372 11 450 
372 450 451 
450 127 451 
105 451 449 
451 127 452 
451 452 449 
452 126 449 
127 453 452 
453 39 448 
453 448 452 
448 126 452 
13 430 411 
430 123 454 
430 454 411 
454 116 411 
123 436 456 
436 39 455 
436 455 456 
455 128 456 
123 456 454 
456 128 457 
456 457 454 
457 116 454 
128 458 457 
458 36 414 
458 414 457 
414 116 457 
39 453 460 
453 127 459 
453 459 460 
459 130 460 
127 450 462 
450 11 461 
450 461 462 
461 129 462 
127 462 459 
462 129 463 
462 463 459 
463 130 459 
129 464 463 
464 40 465 
464 465 463 
465 130 463 
39 460 455 
460 130 466 
460 466 455 
466 128 455 
130 465 468 
465 40 467 
465 467 468 
467 131 468 
130 468 466 
468 131 469 
468 469 466 
469 128 466 
131 470 469 
470 36 458 
470 458 469 
458 128 469 
40 471 467 
471 132 472 
471 472 467 
472 131 467 
132 473 474 
473 14 423 
473 423 474 
423 119 474 
132 474 472 
474 119 475 
474 475 472 
475 131 472 
119 421 475 
421 36 470 
421 470 475 
470 131 475 
11 345 461 
345 98 476 
345 476 461 
476 129 461 
98 343 478 
343 30 477 
343 477 478 
477 133 478 
98 478 476 
478 133 479 
478 479 476 
479 129 476 
133 480 479 
480 40 464 
480 464 479 
464 129 479 
30 336 482 
336 95 481 
336 481 482 
481 135 482 
95 333 484 
333 2 483 
333 483 484 
483 134 484 
95 484 481 
484 134 485 
484 485 481 
485 135 481 
134 486 485 
486 41 487 
486 487 485 
487 135 485 
30 482 477 
482 135 488 
482 488 477 
488 133 477 
135 487 490 
487 41 489 
487 489 490 
489 136 490 
135 490 488 
490 136 491 
490 491 488 
491 133 488 
136 492 491 
492 40 480 
492 480 491 
480 133 491 
41 493 489 
493 137 494 
493 494 489 
494 136 489 
137 495 496 
495 14 473 
495 473 496 
473 132 496 
137 496 494 
496 132 497 
496 497 494 
497 136 494 
132 471 497 
471 40 492 
471 492 497 
492 136 497 
3 498 398 
498 138 499 
498 499 398 
499 112 398 
138 500 502 
500 42 501 
500 501 502 
501 139 502 
138 502 499 
502 139 503 
502 503 499 
503 112 499 
139 504 503 
504 35 401 
504 401 503 
401 112 503 
42 505 507 
505 140 506 
505 506 507 
506 142 507 
140 508 510 
508 15 509 
508 509 510 
509 141 510 
140 510 506 
510 141 511 
510 511 506 
511 142 506 
141 512 511 
512 43 513 
512 513 511 
513 142 511 
42 507 501 
507 142 514 
507 514 501 
514 139 501 
142 513 516 
513 43 515 
513 515 516 
515 143 516 
142 516 514 
516 143 517 
516 517 514 
517 139 514 
143 518 517 
518 35 504 
518 504 517 
504 139 517 
43 519 515 
519 144 520 
519 520 515 
520 143 515 
144 521 522 
521 13 410 
521 410 522 
410 115 522 
144 522 520 
522 115 523 
522 523 520 
523 143 520 
115 407 523 
407 35 518 
407 518 523 
518 143 523 
15 524 526 
524 145 525 
524 525 526 
525 147 526 
145 527 529 
527 44 528 
527 528 529 
528 146 529 
145 529 525 
529 146 530 
529 530 525 
530 147 525 
146 531 530 
531 46 532 
531 532 530 
532 147 530 
44 533 535 
533 148 534 
533 534 535 
534 150 535 
148 536 538 
536 4 537 
536 537 538 
537 149 538 
148 538 534 
538 149 539 
538 539 534 
539 150 534 
149 540 539 
540 45 541 
540 541 539 
541 150 539 
44 535 528 
535 150 542 
535 542 528 
542 146 528 
150 541 544 
541 45 543 
541 543 544 
543 151 544 
150 544 542 
544 151 545 
544 545 542 
545 146 542 
151 546 545 
546 46 531 
546 531 545 
531 146 545 
45 547 543 
547 152 548 
547 548 543 
548 151 543 
152 549 551 
549 16 550 
549 550 551 
550 153 551 
152 551 548 
551 153 552 
551 552 548 
552 151 548 
153 553 552 
553 46 546 
553 546 552 
546 151 552 
15 526 509 
526 147 554 
526 554 509 
554 141 509 
147 532 556 
532 46 555 
532 555 556 
555 154 556 
147 556 554 
556 154 557 
556 557 554 
557 141 554 
154 558 557 
558 43 512 
558 512 557 
512 141 557 
46 553 560 
553 153 559 
553 559 560 
559 156 560 
153 550 562 
550 16 561 
550 561 562 
561 155 562 
153 562 559 
562 155 563 
562 563 559 
563 156 559 
155 564 563 
564 47 565 
564 565 563 
565 156 563 
46 560 555 
560 156 566 
560 566 555 
566 154 555 
156 565 568 
565 47 567 
565 567 568 
567 157 568 
156 568 566 
568 157 569 
568 569 566 
569 154 566 
157 570 569 
570 43 558 
570 558 569 
558 154 569 
47 571 567 
571 158 572 
571 572 567 
572 157 567 
158 573 574 
573 13 521 
573 521 574 
521 144 574 
158 574 572 
574 144 575 
574 575 572 
575 157 572 
144 519 575 
519 43 570 
519 570 575 
570 157 575 
16 576 561 
576 159 577 
576 577 561 
577 155 561 
159 578 580 
578 48 579 
578 579 580 
579 160 580 
159 580 577 
580 160 581 
580 581 577 
581 155 577 
160 582 581 
582 47 564 
582 564 581 
564 155 581 
48 583 585 
583 161 584 
583 584 585 
584 162 585 
161 586 587 
586 1 440 
586 440 587 
440 124 587 
161 587 584 
587 124 588 
587 588 584 
588 162 584 
124 437 588 
437 38 589 
437 589 588 
589 162 588 
48 585 579 
585 162 590 
585 590 579 
590 160 579 
162 589 592 
589 38 591 
589 591 592 
591 163 592 
162 592 590 
592 163 593 
592 593 590 
593 160 590 
163 594 593 
594 47 582 
594 582 593 
582 160 593 
38 431 591 
431 121 595 
431 595 591 
595 163 591 
121 428 596 
428 13 573 
428 573 596 
573 158 596 
121 596 595 
596 158 597 
596 597 595 
597 163 595 
158 571 597 
571 47 594 
571 594 597 
594 163 597 
5 598 600 
598 164 599 
598 599 600 
599 166 600 
164 601 603 
601 49 602 
601 602 603 
602 165 603 
164 603 599 
603 165 604 
603 604 599 
604 166 599 
165 605 604 
605 51 606 
605 606 604 
606 166 604 
49 607 609 
607 167 608 
607 608 609 
608 169 609 
167 610 612 
610 17 611 
610 611 612 
611 168 612 
167 612 608 
612 168 613 
612 613 608 
613 169 608 
168 614 613 
614 50 615 
614 615 613 
615 169 613 
49 609 602 
609 169 616 
609 616 602 
616 165 602 
169 615 618 
615 50 617 
615 617 618 
617 170 618 
169 618 616 
618 170 619 
618 619 616 
619 165 616 
170 620 619 
620 51 605 
620 605 619 
605 165 619 
50 621 617 
621 171 622 
621 622 617 
622 170 617 
171 623 625 
623 18 624 
623 624 625 
624 172 625 
171 625 622 
625 172 626 
625 626 622 
626 170 622 
172 627 626 
627 51 620 
627 620 626 
620 170 626 
17 628 630 
628 173 629 
628 629 630 
629 175 630 
173 631 633 
631 52 632 
631 632 633 
632 174 633 
173 633 629 
633 174 634 
633 634 629 
634 175 629 
174 635 634 
635 53 636 
635 636 634 
636 175 634 
52 637 639 
637 176 638 
637 638 639 
638 177 639 
176 640 641 
640 1 586 
640 586 641 
586 161 641 
176 641 638 
641 161 642 
641 642 638 
642 177 638 
161 583 642 
583 48 643 
583 643 642 
643 177 642 
52 639 632 
639 177 644 
639 644 632 
644 174 632 
177 643 646 
643 48 645 
643 645 646 
645 178 646 
177 646 644 
646 178 647 
646 647 644 
647 174 644 
178 648 647 
648 53 635 
648 635 647 
635 174 647 
48 578 645 
578 159 649 
578 649 645 
649 178 645 
159 576 651 
576 16 650 
576 650 651 
650 179 651 
159 651 649 
651 179 652 
651 652 649 
652 178 649 
179 653 652 
653 53 648 
653 648 652 
648 178 652 
17 630 611 
630 175 654 
630 654 611 
654 168 611 
175 636 656 
636 53 655 
636 655 656 
655 180 656 
175 656 654 
656 180 657 
656 657 654 
657 168 654 
180 658 657 
658 50 614 
658 614 657 
614 168 657 
53 653 660 
653 179 659 
653 659 660 
659 182 660 
179 650 662 
650 16 661 
650 661 662 
661 181 662 
179 662 659 
662 181 663 
662 663 659 
663 182 659 
181 664 663 
664 54 665 
664 665 663 
665 182 663 
53 660 655 
660 182 666 
660 666 655 
666 180 655 
182 665 668 
665 54 667 
665 667 668 
667 183 668 
182 668 666 
668 183 669 
668 669 666 
669 180 666 
183 670 669 
670 50 658 
670 658 669 
658 180 669 
54 671 667 
671 184 672 
671 672 667 
672 183 667 
184 673 674 
673 18 623 
673 623 674 
623 171 674 
184 674 672 
674 171 675 
674 675 672 
675 183 672 
171 621 675 
621 50 670 
621 670 675 
670 183 675 
16 549 661 
549 152 676 
549 676 661 
676 181 661 
152 547 678 
547 45 677 
547 677 678 
677 185 678 
152 678 676 
678 185 679 
678 679 676 
679 181 676 
185 680 679 
680 54 664 
680 664 679 
664 181 679 
45 540 682 
540 149 681 
540 681 682 
681 187 682 
149 537 684 
537 4 683 
537 683 684 
683 186 684 
149 684 681 
684 186 685 
684 685 681 
685 187 681 
186 686 685 
686 55 687 
686 687 685 
687 187 685 
45 682 677 
682 187 688 
682 688 677 
688 185 677 
187 687 690 
687 55 689 
687 689 690 
689 188 690 
187 690 688 
690 188 691 
690 691 688 
691 185 688 
188 692 691 
692 54 680 
692 680 691 
680 185 691 
55 693 689 
693 189 694 
693 694 689 
694 188 689 
189 695 696 
695 18 673 
695 673 696 
673 184 696 
189 696 694 
696 184 697 
696 697 694 
697 188 694 
184 671 697 
671 54 692 
671 692 697 
692 188 697 
9 292 699 
292 84 698 
292 698 699 
698 191 699 
84 298 701 
298 28 700 
298 700 701 
700 190 701 
84 701 698 
701 190 702 
701 702 698 
702 191 698 
190 703 702 
703 57 704 
703 704 702 
704 191 702 
28 319 706 
319 90 705 
319 705 706 
705 193 706 
90 316 708 
316 12 707 
316 707 708 
707 192 708 
90 708 705 
708 192 709 
708 709 705 
709 193 705 
192 710 709 
710 56 711 
710 711 709 
711 193 709 
28 706 700 
706 193 712 
706 712 700 
712 190 700 
193 711 714 
711 56 713 
711 713 714 
713 194 714 
193 714 712 
714 194 715 
714 715 712 
715 190 712 
194 716 715 
716 57 703 
716 703 715 
703 190 715 
56 717 713 
717 195 718 
717 718 713 
718 194 713 
195 719 721 
719 20 720 
719 720 721 
720 196 721 
195 721 718 
721 196 722 
721 722 718 
722 194 718 
196 723 722 
723 57 716 
723 716 722 
716 194 722 
12 395 725 
395 111 724 
395 724 725 
724 198 725 
111 393 727 
393 34 726 
393 726 727 
726 197 727 
111 727 724 
727 197 728 
727 728 724 
728 198 724 
197 729 728 
729 59 730 
729 730 728 
730 198 728 
34 386 732 
386 108 731 
386 731 732 
731 200 732 
108 383 734 
383 1 733 
383 733 734 
733 199 734 
108 734 731 
734 199 735 
734 735 731 
735 200 731 
199 736 735 
736 58 737 
736 737 735 
737 200 735 
34 732 726 
732 200 738 
732 738 726 
738 197 726 
200 737 740 
737 58 739 
737 739 740 
739 201 740 
200 740 738 
740 201 741 
740 741 738 
741 197 738 
201 742 741 
742 59 729 
742 729 741 
729 197 741 
58 743 739 
743 202 744 
743 744 739 
744 201 739 
202 745 747 
745 19 746 
745 746 747 
746 203 747 
202 747 744 
747 203 748 
747 748 744 
748 201 744 
203 749 748 
749 59 742 
749 742 748 
742 201 748 
12 725 707 
725 198 750 
725 750 707 
750 192 707 
198 730 752 
730 59 751 
730 751 752 
751 204 752 
198 752 750 
752 204 753 
752 753 750 
753 192 750 
204 754 753 
754 56 710 
754 710 753 
710 192 753 
59 749 756 
749 203 755 
749 755 756 
755 206 756 
203 746 758 
746 19 757 
746 757 758 
757 205 758 
203 758 755 
758 205 759 
758 759 755 
759 206 755 
205 760 759 
760 60 761 
760 761 759 
761 206 759 
59 756 751 
756 206 762 
756 762 751 
762 204 751 
206 761 764 
761 60 763 
761 763 764 
763 207 764 
206 764 762 
764 207 765 
764 765 762 
765 204 762 
207 766 765 
766 56 754 
766 754 765 
754 204 765 
60 767 763 
767 208 768 
767 768 763 
768 207 763 
208 769 770 
769 20 719 
769 719 770 
719 195 770 
208 770 768 
770 195 771 
770 771 768 
771 207 768 
195 717 771 
717 56 766 
717 766 771 
766 207 771 
19 772 757 
772 209 773 
772 773 757 
773 205 757 
209 774 776 
774 61 775 
774 775 776 
775 210 776 
209 776 773 
776 210 777 
776 777 773 
777 205 773 
210 778 777 
778 60 760 
778 760 777 
760 205 777 
61 779 781 
779 211 780 
779 780 781 
780 213 781 
211 782 784 
782 8 783 
782 783 784 
783 212 784 
211 784 780 
784 212 785 
784 785 780 
785 213 780 
212 786 785 
786 62 787 
786 787 785 
787 213 785 
61 781 775 
781 213 788 
781 788 775 
788 210 775 
213 787 790 
787 62 789 
787 789 790 
789 214 790 
213 790 788 
790 214 791 
790 791 788 
791 210 788 
214 792 791 
792 60 778 
792 778 791 
778 210 791 
62 793 789 
793 215 794 
793 794 789 
794 214 789 
215 795 796 
795 20 769 
795 769 796 
769 208 796 
215 796 794 
796 208 797 
796 797 794 
797 214 794 
208 767 797 
767 60 792 
767 792 797 
792 214 797 
7 798 800 
798 216 799 
798 799 800 
799 218 800 
216 801 803 
801 63 802 
801 802 803 
802 217 803 
216 803 799 
803 217 804 
803 804 799 
804 218 799 
217 805 804 
805 65 806 
805 806 804 
806 218 804 
63 807 809 
807 219 808 
807 808 809 
808 221 809 
219 810 812 
810 21 811 
810 811 812 
811 220 812 
219 812 808 
812 220 813 
812 813 808 
813 221 808 
220 814 813 
814 64 815 
814 815 813 
815 221 813 
63 809 802 
809 221 816 
809 816 802 
816 217 802 
221 815 818 
815 64 817 
815 817 818 
817 222 818 
221 818 816 
818 222 819 
818 819 816 
819 217 816 
222 820 819 
820 65 805 
820 805 819 
805 217 819 
64 821 817 
821 223 822 
821 822 817 
822 222 817 
223 823 825 
823 22 824 
823 824 825 
824 224 825 
223 825 822 
825 224 826 
825 826 822 
826 222 822 
224 827 826 
827 65 820 
827 820 826 
820 222 826 
21 828 830 
828 225 829 
828 829 830 
829 227 830 
225 831 833 
831 66 832 
831 832 833 
832 226 833 
225 833 829 
833 226 834 
833 834 829 
834 227 829 
226 835 834 
835 67 836 
835 836 834 
836 227 834 
66 837 839 
837 228 838 
837 838 839 
838 229 839 
228 840 841 
840 8 782 
840 782 841 
782 211 841 
228 841 838 
841 211 842 
841 842 838 
842 229 838 
211 779 842 
779 61 843 
779 843 842 
843 229 842 
66 839 832 
839 229 844 
839 844 832 
844 226 832 
229 843 846 
843 61 845 
843 845 846 
845 230 846 
229 846 844 
846 230 847 
846 847 844 
847 226 844 
230 848 847 
848 67 835 
848 835 847 
835 226 847 
61 774 845 
774 209 849 
774 849 845 
849 230 845 
209 772 851 
772 19 850 
772 850 851 
850 231 851 
209 851 849 
851 231 852 
851 852 849 
852 230 849 
231 853 852 
853 67 848 
853 848 852 
848 230 852 
21 830 811 
830 227 854 
830 854 811 
854 220 811 
227 836 856 
836 67 855 
836 855 856 
855 232 856 
227 856 854 
856 232 857 
856 857 854 
857 220 854 
232 858 857 
858 64 814 
858 814 857 
814 220 857 
67 853 860 
853 231 859 
853 859 860 
859 234 860 
231 850 862 
850 19 861 
850 861 862 
861 233 862 
231 862 859 
862 233 863 
862 863 859 
863 234 859 
233 864 863 
864 68 865 
864 865 863 
865 234 863 
67 860 855 
860 234 866 
860 866 855 
866 232 855 
234 865 868 
865 68 867 
865 867 868 
867 235 868 
234 868 866 
868 235 869 
868 869 866 
869 232 866 
235 870 869 
870 64 858 
870 858 869 
858 232 869 
68 871 867 
871 236 872 
871 872 867 
872 235 867 
236 873 874 
873 22 823 
873 823 874 
823 223 874 
236 874 872 
874 223 875 
874 875 872 
875 235 872 
223 821 875 
821 64 870 
821 870 875 
870 235 875 
19 745 861 
745 202 876 
745 876 861 
876 233 861 
202 743 878 
743 58 877 
743 877 878 
877 237 878 
202 878 876 
878 237 879 
878 879 876 
879 233 876 
237 880 879 
880 68 864 
880 864 879 
864 233 879 
58 736 882 
736 199 881 
736 881 882 
881 239 882 
199 733 884 
733 1 883 
733 883 884 
883 238 884 
199 884 881 
884 238 885 
884 885 881 
885 239 881 
238 886 885 
886 69 887 
886 887 885 
887 239 885 
58 882 877 
882 239 888 
882 888 877 
888 237 877 
239 887 890 
887 69 889 
887 889 890 
889 240 890 
239 890 888 
890 240 891 
890 891 888 
891 237 888 
240 892 891 
892 68 880 
892 880 891 
880 237 891 
69 893 889 
893 241 894 
893 894 889 
894 240 889 
241 895 896 
895 22 873 
895 873 896 
873 236 896 
241 896 894 
896 236 897 
896 897 894 
897 240 894 
236 871 897 
871 68 892 
871 892 897 
892 240 897 
7 800 899 
800 218 898 
800 898 899 
898 243 899 
218 806 901 
806 65 900 
806 900 901 
900 242 901 
218 901 898 
901 242 902 
901 902 898 
902 243 898 
242 903 902 
903 71 904 
903 904 902 
904 243 902 
65 827 906 
827 224 905 
827 905 906 
905 245 906 
224 824 908 
824 22 907 
824 907 908 
907 244 908 
224 908 905 
908 244 909 
908 909 905 
909 245 905 
244 910 909 
910 70 911 
910 911 909 
911 245 909 
65 906 900 
906 245 912 
906 912 900 
912 242 900 
245 911 914 
911 70 913 
911 913 914 
913 246 914 
245 914 912 
914 246 915 
914 915 912 
915 242 912 
246 916 915 
916 71 903 
916 903 915 
903 242 915 
70 917 913 
917 247 918 
917 918 913 
918 246 913 
247 919 921 
919 24 920 
919 920 921 
920 248 921 
247 921 918 
921 248 922 
921 922 918 
922 246 918 
248 923 922 
923 71 916 
923 916 922 
916 246 922 
22 895 925 
895 241 924 
895 924 925 
924 250 925 
241 893 927 
893 69 926 
893 926 927 
926 249 927 
241 927 924 
927 249 928 
927 928 924 
928 250 924 
249 929 928 
929 73 930 
929 930 928 
930 250 928 
69 886 932 
886 238 931 
886 931 932 
931 252 932 
238 883 934 
883 1 933 
883 933 934 
933 251 934 
238 934 931 
934 251 935 
934 935 931 
935 252 931 
251 936 935 
936 72 937 
936 937 935 
937 252 935 
69 932 926 
932 252 938 
932 938 926 
938 249 926 
252 937 940 
937 72 939 
937 939 940 
939 253 940 
252 940 938 
940 253 941 
940 941 938 
941 249 938 
253 942 941 
942 73 929 
942 929 941 
929 249 941 
72 943 939 
943 254 944 
943 944 939 
944 253 939 
254 945 947 
945 23 946 
945 946 947 
946 255 947 
254 947 944 
947 255 948 
947 948 944 
948 253 944 
255 949 948 
949 73 942 
949 942 948 
942 253 948 
22 925 907 
925 250 950 
925 950 907 
950 244 907 
250 930 952 
930 73 951 
930 951 952 
951 256 952 
250 952 950 
952 256 953 
952 953 950 
953 244 950 
256 954 953 
954 70 910 
954 910 953 
910 244 953 
73 949 956 
949 255 955 
949 955 956 
955 258 956 
255 946 958 
946 23 957 
946 957 958 
957 257 958 
255 958 955 
958 257 959 
958 959 955 
959 258 955 
257 960 959 
960 74 961 
960 961 959 
961 258 959 
73 956 951 
956 258 962 
956 962 951 
962 256 951 
258 961 964 
961 74 963 
961 963 964 
963 259 964 
258 964 962 
964 259 965 
964 965 962 
965 256 962 
259 966 965 
966 70 954 
966 954 965 
954 256 965 
74 967 963 
967 260 968 
967 968 963 
968 259 963 
260 969 970 
969 24 919 
969 919 970 
919 247 970 
260 970 968 
970 247 971 
970 971 968 
971 259 968 
247 917 971 
917 70 966 
917 966 971 
966 259 971 
23 972 957 
972 261 973 
972 973 957 
973 257 957 
261 974 976 
974 75 975 
974 975 976 
975 262 976 
261 976 973 
976 262 977 
976 977 973 
977 257 973 
262 978 977 
978 74 960 
978 960 977 
960 257 977 
75 979 981 
979 263 980 
979 980 981 
980 265 981 
263 982 984 
982 6 983 
982 983 984 
983 264 984 
263 984 980 
984 264 985 
984 985 980 
985 265 980 
264 986 985 
986 76 987 
986 987 985 
987 265 985 
75 981 975 
981 265 988 
981 988 975 
988 262 975 
265 987 990 
987 76 989 
987 989 990 
989 266 990 
265 990 988 
990 266 991 
990 991 988 
991 262 988 
266 992 991 
992 74 978 
992 978 991 
978 262 991 
76 993 989 
993 267 994 
993 994 989 
994 266 989 
267 995 996 
995 24 969 
995 969 996 
969 260 996 
267 996 994 
996 260 997 
996 997 994 
997 266 994 
260 967 997 
967 74 992 
967 992 997 
992 266 997 
5 998 598 
998 268 999 
998 999 598 
999 164 598 
268 1000 1002 
1000 77 1001 
1000 1001 1002 
1001 269 1002 
268 1002 999 
1002 269 1003 
1002 1003 999 
1003 164 999 
269 1004 1003 
1004 49 601 
1004 601 1003 
601 164 1003 
77 1005 1007 
1005 270 1006 
1005 1006 1007 
1006 272 1007 
270 1008 1010 
1008 25 1009 
1008 1009 1010 
1009 271 1010 
270 1010 1006 
1010 271 1011 
1010 1011 1006 
1011 272 1006 
271 1012 1011 
1012 78 1013 
1012 1013 1011 
1013 272 1011 
77 1007 1001 
1007 272 1014 
1007 1014 1001 
1014 269 1001 
272 1013 1016 
1013 78 1015 
1013 1015 1016 
1015 273 1016 
272 1016 1014 
1016 273 1017 
1016 1017 1014 
1017 269 1014 
273 1018 1017 
1018 49 1004 
1018 1004 1017 
1004 269 1017 
78 1019 1015 
1019 274 1020 
1019 1020 1015 
1020 273 1015 
274 1021 1022 
1021 17 610 
1021 610 1022 
610 167 1022 
274 1022 1020 
1022 167 1023 
1022 1023 1020 
1023 273 1020 
167 607 1023 
607 49 1018 
607 1018 1023 
1018 273 1023 
25 1024 1026 
1024 275 1025 
1024 1025 1026 
1025 277 1026 
275 1027 1029 
1027 79 1028 
1027 1028 1029 
1028 276 1029 
275 1029 1025 
1029 276 1030 
1029 1030 1025 
1030 277 1025 
276 1031 1030 
1031 80 1032 
1031 1032 1030 
1032 277 1030 
79 1033 1035 
1033 278 1034 
1033 1034 1035 
1034 279 1035 
278 1036 1037 
1036 6 982 
1036 982 1037 
982 263 1037 
278 1037 1034 
1037 263 1038 
1037 1038 1034 
1038 279 1034 
263 979 1038 
979 75 1039 
979 1039 1038 
1039 279 1038 
79 1035 1028 
1035 279 1040 
1035 1040 1028 
1040 276 1028 
279 1039 1042 
1039 75 1041 
1039 1041 1042 
1041 280 1042 
279 1042 1040 
1042 280 1043 
1042 1043 1040 
1043 276 1040 
280 1044 1043 
1044 80 1031 
1044 1031 1043 
1031 276 1043 
75 974 1041 
974 261 1045 
974 1045 1041 
1045 280 1041 
261 972 1047 
972 23 1046 
972 1046 1047 
1046 281 1047 
261 1047 1045 
1047 281 1048 
1047 1048 1045 
1048 280 1045 
281 1049 1048 
1049 80 1044 
1049 1044 1048 
1044 280 1048 
25 1026 1009 
1026 277 1050 
1026 1050 1009 
1050 271 1009 
277 1032 1052 
1032 80 1051 
1032 1051 1052 
1051 282 1052 
277 1052 1050 
1052 282 1053 
1052 1053 1050 
1053 271 1050 
282 1054 1053 
1054 78 1012 
1054 1012 1053 
1012 271 1053 
80 1049 1056 
1049 281 1055 
1049 1055 1056 
1055 284 1056 
281 1046 1058 
1046 23 1057 
1046 1057 1058 
1057 283 1058 
281 1058 1055 
1058 283 1059 
1058 1059 1055 
1059 284 1055 
283 1060 1059 
1060 81 1061 
1060 1061 1059 
1061 284 1059 
80 1056 1051 
1056 284 1062 
1056 1062 1051 
1062 282 1051 
284 1061 1064 
1061 81 1063 
1061 1063 1064 
1063 285 1064 
284 1064 1062 
1064 285 1065 
1064 1065 1062 
1065 282 1062 
285 1066 1065 
1066 78 1054 
1066 1054 1065 
1054 282 1065 
81 1067 1063 
1067 286 1068 
1067 1068 1063 
1068 285 1063 
286 1069 1070 
1069 17 1021 
1069 1021 1070 
1021 274 1070 
286 1070 1068 
1070 274 1071 
1070 1071 1068 
1071 285 1068 
274 1019 1071 
1019 78 1066 
1019 1066 1071 
1066 285 1071 
23 945 1057 
945 254 1072 
945 1072 1057 
1072 283 1057 
254 943 1074 
943 72 1073 
943 1073 1074 
1073 287 1074 
254 1074 1072 
1074 287 1075 
1074 1075 1072 
1075 283 1072 
287 1076 1075 
1076 81 1060 
1076 1060 1075 
1060 283 1075 
72 936 1078 
936 251 1077 
936 1077 1078 
1077 288 1078 
251 933 1079 
933 1 640 
933 640 1079 
640 176 1079 
251 1079 1077 
1079 176 1080 
1079 1080 1077 
1080 288 1077 
176 637 1080 
637 52 1081 
637 1081 1080 
1081 288 1080 
72 1078 1073 
1078 288 1082 
1078 1082 1073 
1082 287 1073 
288 1081 1084 
1081 52 1083 
1081 1083 1084 
1083 289 1084 
288 1084 1082 
1084 289 1085 
1084 1085 1082 
1085 287 1082 
289 1086 1085 
1086 81 1076 
1086 1076 1085 
1076 287 1085 
52 631 1083 
631 173 1087 
631 1087 1083 
1087 289 1083 
173 628 1088 
628 17 1069 
628 1069 1088 
1069 286 1088 
173 1088 1087 
1088 286 1089 
1088 1089 1087 
1089 289 1087 
286 1067 1089 
1067 81 1086 
1067 1086 1089 
1086 289 1089 
