289 
0.500000 0.500000
0.000000 0.000000
0.500000 0.000000
1.000000 0.000000
1.000000 0.500000
1.000000 1.000000
0.500000 1.000000
0.000000 1.000000
0.000000 0.500000
0.000000 0.250000
0.250000 0.250000
0.250000 0.500000
0.500000 0.250000
0.250000 0.000000
0.750000 0.000000
0.750000 0.250000
0.750000 0.500000
1.000000 0.250000
0.250000 0.750000
0.000000 0.750000
0.250000 1.000000
0.500000 0.750000
0.750000 0.750000
0.750000 1.000000
1.000000 0.750000
0.000000 0.375000
0.125000 0.375000
0.125000 0.500000
0.000000 0.125000
0.125000 0.125000
0.125000 0.250000
0.250000 0.375000
0.375000 0.375000
0.375000 0.500000
0.500000 0.125000
0.375000 0.125000
0.375000 0.000000
0.500000 0.375000
0.375000 0.250000
0.250000 0.125000
0.125000 0.000000
0.625000 0.000000
0.625000 0.125000
0.875000 0.000000
0.875000 0.125000
0.750000 0.125000
0.625000 0.250000
0.625000 0.375000
0.875000 0.500000
0.875000 0.375000
1.000000 0.375000
0.625000 0.500000
0.750000 0.375000
0.875000 0.250000
1.000000 0.125000
0.125000 0.625000
0.000000 0.625000
0.375000 0.625000
0.250000 0.625000
0.125000 0.750000
0.125000 0.875000
0.000000 0.875000
0.375000 1.000000
0.375000 0.875000
0.500000 0.875000
0.125000 1.000000
0.250000 0.875000
0.375000 0.750000
0.500000 0.625000
0.625000 0.875000
0.625000 1.000000
0.625000 0.625000
0.625000 0.750000
0.750000 0.875000
0.875000 0.875000
0.875000 1.000000
1.000000 0.625000
0.875000 0.625000
1.000000 0.875000
0.875000 0.750000
0.750000 0.625000
0.000000 0.437500
0.062500 0.437500
0.062500 0.500000
0.000000 0.312500
0.062500 0.312500
0.062500 0.375000
0.125000 0.437500
0.187500 0.437500
0.187500 0.500000
0.000000 0.187500
0.062500 0.187500
0.062500 0.250000
0.000000 0.062500
0.062500 0.062500
0.062500 0.125000
0.125000 0.187500
0.187500 0.187500
0.187500 0.250000
0.125000 0.312500
0.250000 0.312500
0.187500 0.312500
0.187500 0.375000
0.250000 0.437500
0.312500 0.312500
0.312500 0.375000
0.437500 0.437500
0.437500 0.500000
0.375000 0.437500
0.312500 0.437500
0.312500 0.500000
0.500000 0.062500
0.437500 0.062500
0.437500 0.000000
0.500000 0.187500
0.437500 0.187500
0.437500 0.125000
0.375000 0.062500
0.312500 0.062500
0.312500 0.000000
0.500000 0.312500
0.437500 0.312500
0.437500 0.250000
0.500000 0.437500
0.437500 0.375000
0.375000 0.312500
0.312500 0.250000
0.375000 0.187500
0.250000 0.187500
0.312500 0.187500
0.312500 0.125000
0.250000 0.062500
0.187500 0.125000
0.062500 0.000000
0.125000 0.062500
0.187500 0.062500
0.187500 0.000000
0.562500 0.000000
0.562500 0.062500
0.687500 0.000000
0.687500 0.062500
0.625000 0.062500
0.562500 0.125000
0.562500 0.187500
0.812500 0.000000
0.812500 0.062500
0.750000 0.062500
0.937500 0.000000
0.937500 0.062500
0.875000 0.062500
0.812500 0.125000
0.812500 0.187500
0.750000 0.187500
0.687500 0.125000
0.687500 0.250000
0.687500 0.187500
0.625000 0.187500
0.562500 0.250000
0.687500 0.312500
0.625000 0.312500
0.562500 0.437500
0.562500 0.375000
0.562500 0.312500
0.937500 0.500000
0.937500 0.437500
1.000000 0.437500
0.812500 0.500000
0.812500 0.437500
0.875000 0.437500
0.937500 0.375000
0.937500 0.312500
1.000000 0.312500
0.687500 0.500000
0.687500 0.437500
0.750000 0.437500
0.562500 0.500000
0.625000 0.437500
0.687500 0.375000
0.750000 0.312500
0.812500 0.375000
0.812500 0.250000
0.812500 0.312500
0.875000 0.312500
0.937500 0.250000
0.875000 0.187500
1.000000 0.062500
0.937500 0.125000
0.937500 0.187500
1.000000 0.187500
0.062500 0.562500
0.000000 0.562500
0.187500 0.562500
0.125000 0.562500
0.062500 0.625000
0.062500 0.687500
0.000000 0.687500
0.312500 0.562500
0.250000 0.562500
0.437500 0.562500
0.375000 0.562500
0.312500 0.625000
0.312500 0.687500
0.250000 0.687500
0.187500 0.625000
0.187500 0.750000
0.187500 0.687500
0.125000 0.687500
0.062500 0.750000
0.187500 0.812500
0.125000 0.812500
0.062500 0.937500
0.000000 0.937500
0.062500 0.875000
0.062500 0.812500
0.000000 0.812500
0.437500 1.000000
0.437500 0.937500
0.500000 0.937500
0.312500 1.000000
0.312500 0.937500
0.375000 0.937500
0.437500 0.875000
0.437500 0.812500
0.500000 0.812500
0.187500 1.000000
0.187500 0.937500
0.250000 0.937500
0.062500 1.000000
0.125000 0.937500
0.187500 0.875000
0.250000 0.812500
0.312500 0.875000
0.312500 0.750000
0.312500 0.812500
0.375000 0.812500
0.437500 0.750000
0.375000 0.687500
0.500000 0.562500
0.437500 0.625000
0.437500 0.687500
0.500000 0.687500
0.562500 0.937500
0.562500 1.000000
0.562500 0.812500
0.562500 0.875000
0.625000 0.937500
0.687500 0.937500
0.687500 1.000000
0.562500 0.687500
0.562500 0.750000
0.562500 0.562500
0.562500 0.625000
0.625000 0.687500
0.687500 0.687500
0.687500 0.750000
0.625000 0.812500
0.750000 0.812500
0.687500 0.812500
0.687500 0.875000
0.750000 0.937500
0.812500 0.812500
0.812500 0.875000
0.937500 0.937500
0.937500 1.000000
0.875000 0.937500
0.812500 0.937500
0.812500 1.000000
1.000000 0.562500
0.937500 0.562500
1.000000 0.687500
0.937500 0.687500
0.937500 0.625000
0.875000 0.562500
0.812500 0.562500
1.000000 0.812500
0.937500 0.812500
0.937500 0.750000
1.000000 0.937500
0.937500 0.875000
0.875000 0.812500
0.812500 0.750000
0.875000 0.687500
0.750000 0.687500
0.812500 0.687500
0.812500 0.625000
0.750000 0.562500
0.687500 0.625000
0.625000 0.562500
0.687500 0.562500
512
9 82 84 
82 26 83 
82 83 84 
83 28 84 
26 85 87 
85 10 86 
85 86 87 
86 27 87 
26 87 83 
87 27 88 
87 88 83 
88 28 83 
27 89 88 
89 12 90 
89 90 88 
90 28 88 
10 91 93 
91 29 92 
91 92 93 
92 31 93 
29 94 96 
94 2 95 
94 95 96 
95 30 96 
29 96 92 
96 30 97 
96 97 92 
97 31 92 
30 98 97 
98 11 99 
98 99 97 
99 31 97 
10 93 86 
93 31 100 
93 100 86 
100 27 86 
31 99 102 
99 11 101 
99 101 102 
101 32 102 
31 102 100 
102 32 103 
102 103 100 
103 27 100 
32 104 103 
104 12 89 
104 89 103 
89 27 103 
11 105 101 
105 33 106 
105 106 101 
106 32 101 
33 107 109 
107 1 108 
107 108 109 
108 34 109 
33 109 106 
109 34 110 
109 110 106 
110 32 106 
34 111 110 
111 12 104 
111 104 110 
104 32 110 
3 112 114 
112 35 113 
112 113 114 
113 37 114 
35 115 117 
115 13 116 
115 116 117 
116 36 117 
35 117 113 
117 36 118 
117 118 113 
118 37 113 
36 119 118 
119 14 120 
119 120 118 
120 37 118 
13 121 123 
121 38 122 
121 122 123 
122 39 123 
38 124 125 
124 1 107 
124 107 125 
107 33 125 
38 125 122 
125 33 126 
125 126 122 
126 39 122 
33 105 126 
105 11 127 
105 127 126 
127 39 126 
13 123 116 
123 39 128 
123 128 116 
128 36 116 
39 127 130 
127 11 129 
127 129 130 
129 40 130 
39 130 128 
130 40 131 
130 131 128 
131 36 128 
40 132 131 
132 14 119 
132 119 131 
119 36 131 
11 98 129 
98 30 133 
98 133 129 
133 40 129 
30 95 135 
95 2 134 
95 134 135 
134 41 135 
30 135 133 
135 41 136 
135 136 133 
136 40 133 
41 137 136 
137 14 132 
137 132 136 
132 40 136 
3 138 112 
138 42 139 
138 139 112 
139 35 112 
42 140 142 
140 15 141 
140 141 142 
141 43 142 
42 142 139 
142 43 143 
142 143 139 
143 35 139 
43 144 143 
144 13 115 
144 115 143 
115 35 143 
15 145 147 
145 44 146 
145 146 147 
146 46 147 
44 148 150 
148 4 149 
148 149 150 
149 45 150 
44 150 146 
150 45 151 
150 151 146 
151 46 146 
45 152 151 
152 16 153 
152 153 151 
153 46 151 
15 147 141 
147 46 154 
147 154 141 
154 43 141 
46 153 156 
153 16 155 
153 155 156 
155 47 156 
46 156 154 
156 47 157 
156 157 154 
157 43 154 
47 158 157 
158 13 144 
158 144 157 
144 43 157 
16 159 155 
159 48 160 
159 160 155 
160 47 155 
48 161 162 
161 1 124 
161 124 162 
124 38 162 
48 162 160 
162 38 163 
162 163 160 
163 47 160 
38 121 163 
121 13 158 
121 158 163 
158 47 163 
5 164 166 
164 49 165 
164 165 166 
165 51 166 
49 167 169 
167 17 168 
167 168 169 
168 50 169 
49 169 165 
169 50 170 
169 170 165 
170 51 165 
50 171 170 
171 18 172 
171 172 170 
172 51 170 
17 173 175 
173 52 174 
173 174 175 
174 53 175 
52 176 177 
176 1 161 
176 161 177 
161 48 177 
52 177 174 
177 48 178 
177 178 174 
178 53 174 
48 159 178 
159 16 179 
159 179 178 
179 53 178 
17 175 168 
175 53 180 
175 180 168 
180 50 168 
53 179 182 
179 16 181 
179 181 182 
181 54 182 
53 182 180 
182 54 183 
182 183 180 
183 50 180 
54 184 183 
184 18 171 
184 171 183 
171 50 183 
16 152 181 
152 45 185 
152 185 181 
185 54 181 
45 149 187 
149 4 186 
149 186 187 
186 55 187 
45 187 185 
187 55 188 
187 188 185 
188 54 185 
55 189 188 
189 18 184 
189 184 188 
184 54 188 
9 84 191 
84 28 190 
84 190 191 
190 57 191 
28 90 193 
90 12 192 
90 192 193 
192 56 193 
28 193 190 
193 56 194 
193 194 190 
194 57 190 
56 195 194 
195 20 196 
195 196 194 
196 57 194 
12 111 198 
111 34 197 
111 197 198 
197 59 198 
34 108 200 
108 1 199 
108 199 200 
199 58 200 
34 200 197 
200 58 201 
200 201 197 
201 59 197 
58 202 201 
202 19 203 
202 203 201 
203 59 201 
12 198 192 
198 59 204 
198 204 192 
204 56 192 
59 203 206 
203 19 205 
203 205 206 
205 60 206 
59 206 204 
206 60 207 
206 207 204 
207 56 204 
60 208 207 
208 20 195 
208 195 207 
195 56 207 
19 209 205 
209 61 210 
209 210 205 
210 60 205 
61 211 213 
211 8 212 
211 212 213 
212 62 213 
61 213 210 
213 62 214 
213 214 210 
214 60 210 
62 215 214 
215 20 208 
215 208 214 
208 60 214 
7 216 218 
216 63 217 
216 217 218 
217 65 218 
63 219 221 
219 21 220 
219 220 221 
220 64 221 
63 221 217 
221 64 222 
221 222 217 
222 65 217 
64 223 222 
223 22 224 
223 224 222 
224 65 222 
21 225 227 
225 66 226 
225 226 227 
226 67 227 
66 228 229 
228 8 211 
228 211 229 
211 61 229 
66 229 226 
229 61 230 
229 230 226 
230 67 226 
61 209 230 
209 19 231 
209 231 230 
231 67 230 
21 227 220 
227 67 232 
227 232 220 
232 64 220 
67 231 234 
231 19 233 
231 233 234 
233 68 234 
67 234 232 
234 68 235 
234 235 232 
235 64 232 
68 236 235 
236 22 223 
236 223 235 
223 64 235 
19 202 233 
202 58 237 
202 237 233 
237 68 233 
58 199 239 
199 1 238 
199 238 239 
238 69 239 
58 239 237 
239 69 240 
239 240 237 
240 68 237 
69 241 240 
241 22 236 
241 236 240 
236 68 240 
7 218 243 
218 65 242 
218 242 243 
242 71 243 
65 224 245 
224 22 244 
224 244 245 
244 70 245 
65 245 242 
245 70 246 
245 246 242 
246 71 242 
70 247 246 
247 24 248 
247 248 246 
248 71 246 
22 241 250 
241 69 249 
241 249 250 
249 73 250 
69 238 252 
238 1 251 
238 251 252 
251 72 252 
69 252 249 
252 72 253 
252 253 249 
253 73 249 
72 254 253 
254 23 255 
254 255 253 
255 73 253 
22 250 244 
250 73 256 
250 256 244 
256 70 244 
73 255 258 
255 23 257 
255 257 258 
257 74 258 
73 258 256 
258 74 259 
258 259 256 
259 70 256 
74 260 259 
260 24 247 
260 247 259 
247 70 259 
23 261 257 
261 75 262 
261 262 257 
262 74 257 
75 263 265 
263 6 264 
263 264 265 
264 76 265 
75 265 262 
265 76 266 
265 266 262 
266 74 262 
76 267 266 
267 24 260 
267 260 266 
260 74 266 
5 268 164 
268 77 269 
268 269 164 
269 49 164 
77 270 272 
270 25 271 
270 271 272 
271 78 272 
77 272 269 
272 78 273 
272 273 269 
273 49 269 
78 274 273 
274 17 167 
274 167 273 
167 49 273 
25 275 277 
275 79 276 
275 276 277 
276 80 277 
79 278 279 
278 6 263 
278 263 279 
263 75 279 
79 279 276 
279 75 280 
279 280 276 
280 80 276 
75 261 280 
261 23 281 
261 281 280 
281 80 280 
25 277 271 
277 80 282 
277 282 271 
282 78 271 
80 281 284 
281 23 283 
281 283 284 
283 81 284 
80 284 282 
284 81 285 
284 285 282 
285 78 282 
81 286 285 
286 17 274 
286 274 285 
274 78 285 
23 254 283 
254 72 287 
254 287 283 
287 81 283 
72 251 288 
251 1 176 
251 176 288 
176 52 288 
72 288 287 
288 52 289 
288 289 287 
289 81 287 
52 173 289 
173 17 286 
173 286 289 
286 81 289 
