25 
0.500000 0.500000
0.000000 0.000000
0.500000 0.000000
1.000000 0.000000
1.000000 0.500000
1.000000 1.000000
0.500000 1.000000
0.000000 1.000000
0.000000 0.500000
0.000000 0.250000
0.250000 0.250000
0.250000 0.500000
0.500000 0.250000
0.250000 0.000000
0.750000 0.000000
0.750000 0.250000
0.750000 0.500000
1.000000 0.250000
0.250000 0.750000
0.000000 0.750000
0.250000 1.000000
0.500000 0.750000
0.750000 0.750000
0.750000 1.000000
1.000000 0.750000
32
9 10 12 
10 2 11 
10 11 12 
11 1 12 
3 13 14 
13 1 11 
13 11 14 
11 2 14 
3 15 13 
15 4 16 
15 16 13 
16 1 13 
5 17 18 
17 1 16 
17 16 18 
16 4 18 
9 12 20 
12 1 19 
12 19 20 
19 8 20 
7 21 22 
21 8 19 
21 19 22 
19 1 22 
7 22 24 
22 1 23 
22 23 24 
23 6 24 
5 25 17 
25 6 23 
25 23 17 
23 1 17 
