1583
0.0000000000000000 0.0000000000000000
12.0000000000000000 0.0000000000000000
12.0000000000000000 6.0000000000000000
0.0000000000000000 6.0000000000000000
2.0000000000000000 0.0000000000000000
2.0000000000000000 2.0000000000000000
3.0000000000000000 0.0000000000000000
3.0000000000000000 2.0000000000000000
0.0000000000000000 5.7391304347857393
0.0000000000000000 5.4782608695693069
0.0000000000000000 5.2173913043517208
0.0000000000000000 4.9565217391368792
0.0000000000000000 4.6956521739187584
0.0000000000000000 4.4347826087006350
0.0000000000000000 4.1739130434825134
0.0000000000000000 3.9130434782650929
0.0000000000000000 3.6521739130489022
0.0000000000000000 3.3913043478327092
0.0000000000000000 3.1304347826165180
0.0000000000000000 2.8695652173993609
0.0000000000000000 2.6086956521812392
0.0000000000000000 2.3478260869631171
0.0000000000000000 2.0869565217449950
0.0000000000000000 1.8260869565268709
0.0000000000000000 1.5652173913087470
0.0000000000000000 1.3043478260906221
0.0000000000000000 1.0434782608724980
0.0000000000000000 0.7826086956543730
0.0000000000000000 0.5217391304362486
0.0000000000000000 0.2608695652181243
0.2857142857137346 0.0000000000000000
0.5714285714271872 0.0000000000000000
0.8571428571406398 0.0000000000000000
1.1428571428548850 0.0000000000000000
1.4285714285699240 0.0000000000000000
1.7142857142849619 0.0000000000000000
2.0000000000000000 0.2857142857137346
2.0000000000000000 0.5714285714271872
2.0000000000000000 0.8571428571406398
2.0000000000000000 1.1428571428548850
2.0000000000000000 1.4285714285699240
2.0000000000000000 1.7142857142849619
2.2500000000000000 2.0000000000000000
2.5000000000000000 2.0000000000000000
2.7500000000000000 2.0000000000000000
3.0000000000000000 1.7142857142849210
3.0000000000000000 1.4285714285726170
3.0000000000000000 1.1428571428603129
3.0000000000000000 0.8571428571464241
3.0000000000000000 0.5714285714309495
3.0000000000000000 0.2857142857154746
2.7500000000000000 0.0000000000000000
2.5000000000000000 0.0000000000000000
2.2500000000000000 0.0000000000000000
0.2553191489350373 6.0000000000000000
0.5106382978700601 6.0000000000000000
0.7659574468051160 6.0000000000000000
1.0212765957403569 6.0000000000000000
1.2765957446756160 6.0000000000000000
1.5319148936107880 6.0000000000000000
1.7872340425456030 6.0000000000000000
2.0425531914804580 6.0000000000000000
2.2978723404157000 6.0000000000000000
2.5531914893509589 6.0000000000000000
2.8085106382862191 6.0000000000000000
3.0638297872214779 6.0000000000000000
3.3191489361567381 6.0000000000000000
3.5744680850919979 6.0000000000000000
3.8297872340272572 6.0000000000000000
4.0851063829625156 6.0000000000000000
4.3404255318977771 6.0000000000000000
4.5957446808330369 6.0000000000000000
4.8510638297682958 6.0000000000000000
5.1063829787035564 6.0000000000000000
5.3617021276388153 6.0000000000000000
5.6170212765740750 6.0000000000000000
5.8723404255093357 6.0000000000000000
6.1276595744455404 6.0000000000000000
6.3829787233826867 6.0000000000000000
6.6382978723198374 6.0000000000000000
6.8936170212569854 6.0000000000000000
7.1489361701941352 6.0000000000000000
7.4042553191312841 6.0000000000000000
7.6595744680684321 6.0000000000000000
7.9148936170055801 6.0000000000000000
8.1702127659427308 6.0000000000000000
8.4255319148798815 6.0000000000000000
8.6808510638170340 6.0000000000000000
8.9361702127541847 6.0000000000000000
9.1914893616913353 6.0000000000000000
9.4468085106284878 6.0000000000000000
9.7021276595656367 6.0000000000000000
9.9574468085027874 6.0000000000000000
10.2127659574399399 6.0000000000000000
10.4680851063770906 6.0000000000000000
10.7234042553142395 6.0000000000000000
10.9787234042513901 6.0000000000000000
11.2340425531885408 6.0000000000000000
11.4893617021257004 6.0000000000000000
11.7446808510628493 6.0000000000000000
12.0000000000000000 5.7391304347857393
12.0000000000000000 5.4782608695693069
12.0000000000000000 5.2173913043517208
12.0000000000000000 4.9565217391368792
12.0000000000000000 4.6956521739187584
12.0000000000000000 4.4347826087006350
12.0000000000000000 4.1739130434825134
12.0000000000000000 3.9130434782650929
12.0000000000000000 3.6521739130489022
12.0000000000000000 3.3913043478327092
12.0000000000000000 3.1304347826165180
12.0000000000000000 2.8695652173993609
12.0000000000000000 2.6086956521812392
12.0000000000000000 2.3478260869631171
12.0000000000000000 2.0869565217449950
12.0000000000000000 1.8260869565268709
12.0000000000000000 1.5652173913087470
12.0000000000000000 1.3043478260906221
12.0000000000000000 1.0434782608724980
12.0000000000000000 0.7826086956543730
12.0000000000000000 0.5217391304362486
12.0000000000000000 0.2608695652181243
11.7428571428581208 0.0000000000000000
11.4857142857162504 0.0000000000000000
11.2285714285743694 0.0000000000000000
10.9714285714325008 0.0000000000000000
10.7142857142906198 0.0000000000000000
10.4571428571487406 0.0000000000000000
10.2000000000068702 0.0000000000000000
9.9428571428649910 0.0000000000000000
9.6857142857231153 0.0000000000000000
9.4285714285812396 0.0000000000000000
9.1714285714393640 0.0000000000000000
8.9142857142974865 0.0000000000000000
8.6571428571556108 0.0000000000000000
8.4000000000137351 0.0000000000000000
8.1428571428718577 0.0000000000000000
7.8857142857299829 0.0000000000000000
7.6285714285881063 0.0000000000000000
7.3714285714449623 0.0000000000000000
7.1142857143005491 0.0000000000000000
6.8571428571561368 0.0000000000000000
6.6000000000117227 0.0000000000000000
6.3428571428673113 0.0000000000000000
6.0857142857228981 0.0000000000000000
5.8285714285784840 0.0000000000000000
5.5714285714340717 0.0000000000000000
5.3142857142896576 0.0000000000000000
5.0571428571452461 0.0000000000000000
4.8000000000008329 0.0000000000000000
4.5428571428564197 0.0000000000000000
4.2857142857120074 0.0000000000000000
4.0285714285677230 0.0000000000000000
3.7714285714256288 0.0000000000000000
3.5142857142837531 0.0000000000000000
3.2571428571418761 0.0000000000000000
2.4999999999998050 1.5482810316550870
2.5000806927248540 0.9933680756373510
2.4957028568025441 0.5019966992739121
2.7149930621087401 0.7363172103060294
2.7318269214428930 1.2265139096695981
2.2684852664991682 1.2269719498449361
2.2837673941633980 0.7391796581954674
2.7201436694564860 0.2845561433427712
2.7165098158833829 1.7202115945789671
2.2834901841164759 1.7202115945789991
2.2747113569139739 0.2753350486340910
2.7737779683175039 0.9877766283629251
2.2288703377174302 0.9918989899479969
2.7343261611808081 1.4773028217789330
2.2656738388187900 1.4773028217788180
2.2276479617729068 0.4891277181256719
2.4990131656672578 0.1922147136800071
2.7834002814275451 0.4875382003565898
2.4999999999999512 1.8150451176032201
2.4989438510986379 0.7526070650614844
2.5000436534071460 1.3148521401030779
2.8614238483770640 0.1501892035947284
2.8610367700169221 1.8507966628066350
2.1389632299830299 1.8507966628066750
2.1348191267682881 0.1461152663825668
5.8373097018858200 2.9844418049710439
8.8279517264486227 2.9971098895673278
3.9330263050482279 3.8877603729600221
1.9395902386855510 3.9547749924096829
7.3366463205158849 4.1250597022257054
7.3563800766326422 1.8792799436309531
10.2069402341292808 4.1705983304866026
10.2004902091186906 1.8188863713073400
4.7240093635921996 1.7427688472247880
5.3404564050518761 4.4774225747772611
8.7624973711579894 4.5148793902709778
8.7454985573907145 1.4656450241890240
6.0452810162276780 1.4226684832580681
10.7104692357387599 3.0155634133741782
2.9518345788953351 4.7335996747293523
1.2750380259444940 2.9552243895976891
2.9124753084935691 3.2146904100497671
3.9935210434204271 2.7145313603063248
7.0065538747690077 3.0037558074058501
1.1482944137515130 4.8236568557901336
6.4121071670345229 4.8468238094240697
4.3298990829070680 4.8896547012745639
4.8174912230920404 3.3638993297683770
10.9509228865208392 4.9302347682047554
10.9103174319171305 1.0804992287023840
7.8691826998636101 5.0094966742434437
6.3354712709054306 3.8477891245501641
7.8777316577359402 1.0110342882636940
9.6095909699100055 5.0173884692435813
1.0233837316351710 1.9797945581300240
9.7624518861317000 2.7070835101943849
9.6188028144872426 0.9922128852432043
7.8653110031373767 3.3679751997021992
8.2516835802243147 2.2828382783228238
1.0010960398764410 3.8811134281730690
6.4420885939989718 2.2561992020537600
3.9850066734667200 0.9923363191935926
6.8734854086680324 0.9581307730532777
0.9630969897559561 0.9788898659399364
9.3591969791458016 3.8089116795111062
2.0975070036350458 5.0548267683056443
5.2304421431442814 0.9591542150500577
11.0661875562883303 2.1263138912444699
11.0893198877570498 3.8349484263457732
5.5153313838392100 2.1564655418979441
2.1011176203117161 2.8827669932575062
3.8717431525251929 1.8449879635639039
9.0736710992199452 2.2092833011501529
4.7728616331625497 2.5080038939620160
5.7228098433326817 5.1909754820621794
3.6100105935664990 5.2023388624044857
3.1206770453857620 3.9801171641327970
10.0560747921992704 3.4068666683162081
8.5931836496094469 3.7403474326131581
5.5187504348525742 3.7141761062644489
4.6617577777618679 4.1146783432882019
7.1124660906566817 5.2218116077292249
8.5507488885420670 5.2523392934690527
8.5462199504274441 0.7507651525319845
8.0689857165531507 4.2783035007227159
4.9930062960990176 5.2400399622724310
10.2952888151510304 5.2940294351343944
10.2958932856989094 0.7050954179339463
7.5778212678538290 2.5391795458065651
3.3187146738359590 2.6205286282335991
6.2506346531539521 0.7020130079971408
3.6062447145251921 3.2634106905501330
3.5906354812790822 4.4893605682092774
9.5214076535785885 1.6709739982331990
6.6827178159309621 1.6046213296100880
4.6018876553923764 0.6776693976856604
0.6839290352561548 5.3454835892892563
0.6876490902543517 2.5914962587256340
11.3396448641725502 2.7386477183030848
2.6673558664230068 5.3224664489844171
0.6289680921338170 3.3007697641084039
7.9475658422110591 1.6851826647537960
10.4161565583501101 2.4540540368866011
2.4217256933322560 4.4920561116705091
5.9798711085711993 4.3741911573702561
0.6484766990569065 4.4294721209899102
11.3637325356518897 4.4246356450793458
11.3523213987761498 1.5388395631066369
1.5069169593763241 2.4019781685450670
1.6993482966873710 3.3890015882279170
1.5029332602415151 5.3518385957972274
9.5708101017064067 4.3954211432086439
2.5529794269588981 3.7356490864865330
5.4450617386485947 1.5185297811279810
2.6629623341875441 2.6406788365608560
6.9839597548479970 3.6404303508362590
6.4189985606406728 3.2239180520625639
1.6993732360552261 4.5438964142745091
0.6419869919636247 1.4638577255755050
6.7368267409543030 4.3529404681350936
4.2140445656808732 3.3520577345987039
11.4098448985178607 5.3323411215104404
11.3400960917483697 0.6452658278026449
9.4366895248582949 3.1600945816811619
9.1862066687058572 5.3983453818094764
9.1401559019442491 0.6068225441746864
7.4078194059130169 0.5847325693859613
1.3668429704102290 1.5251055097113131
11.4025794205065605 3.3364077499704230
10.7549962425697192 4.3904493662233417
10.7563332824252704 1.6275911735929041
8.2403932918718770 2.8950413533559369
6.2732131495879804 5.4152100183911944
7.0133880732922851 2.3464553929829690
5.2541876699293644 2.9209763454379480
4.3287563970726062 2.1535554878162571
7.3522257353275364 4.7278886182958466
7.3427555337031452 1.3186144364297081
5.6586690184437201 0.5699069111033699
4.1375623580838274 5.4323704803606514
10.1218939866536601 1.2327523619005589
10.5513986980271994 3.7370915523194221
10.1337036500210704 4.7605400026054800
3.6801439988256570 0.5465413786367354
4.8888991752902324 4.7637848283792712
4.1838606914004801 4.3783916042300657
0.6082794811316634 0.5961300322233878
9.7500937193932327 2.1630047350735482
4.4843870732290716 1.2290006248919250
3.5780580013247669 1.3512292843763709
6.0020081213461092 1.9113499674644761
10.7924320710278696 5.4779391690814334
10.7900788736310904 0.5165218808413692
7.5996215446395468 5.5138459338812567
5.8902727608487231 2.4823723026741700
1.3813121368940839 0.6089217070136147
8.0805999412076517 0.5422679607229384
7.4504251959943417 3.6584896943299610
9.8204019006206043 5.4914374650170164
8.6472806752579157 2.0020953728034332
8.7060307550636473 2.4678496636695129
9.8313685872080772 0.4947179376877960
9.1222774350558513 4.8688845593860641
3.2078317736013831 5.4922601630979244
9.1274051971397743 1.1023168356244311
6.0113769660813849 3.5157680683381298
6.5630275230294739 2.7713690835997280
8.3448807701560455 4.8140799067711848
8.3222228264920712 1.2128985600785760
8.0690627309927514 5.5223890170440333
1.2590931813889210 4.3457949669615861
0.4770565171981835 3.8134705276732972
9.2663823035621409 2.7148493949451100
4.4304370509901343 2.9084200888682101
7.4966899070894568 3.0515380540627719
10.2281951038792194 2.9221431572177909
3.4558841483380558 2.1624232307116849
2.2058115613570410 3.3298006394483881
0.5073096145903908 2.1119325139105869
6.6881402379948591 0.5028950143451030
4.9861354421836017 2.1084042542153560
8.9879876415445246 3.4439778845817650
4.0952228506043644 0.4990712287200697
9.8159713841664438 3.8668602226420452
1.5011230908039190 3.8036328435405902
8.9456823532292198 4.0952619501015199
5.1545434357843281 4.0068010249376469
8.0761944581231493 3.7870245936891012
11.5215797784403193 4.8948377218916406
11.5317869606562304 1.0691466564608829
8.4005708294670036 3.2906265343466981
6.7613555373602123 5.5465968804332659
7.7313373323116874 2.1288239906617399
2.2553799515502102 5.5178092399089360
5.6816130243271896 1.0295647688359479
1.1960409353267660 3.4437290038882020
4.9964730016556897 0.4665431465851790
6.4671376811130994 1.1308153645213150
11.5399515460954802 2.3262498129255120
0.4622155126964482 4.9027974400590013
5.3260649278040981 4.9376582477029478
11.5314492707872400 3.9998572585059540
10.8301217920295798 2.5353071404418892
10.9325105263314004 3.4283470519066408
4.9970742239586929 1.3348860862728269
2.8033301886376361 4.3088181536555181
6.9029153374899588 4.7959896875433898
5.3894639856000728 5.5266994438580621
0.4581779316647712 1.0408573820966529
1.5195569892546750 1.9111025376113850
2.5202466490971172 4.9232257790370317
1.1187484967241730 5.5477598340647889
4.5599296011337929 5.5698311519822639
4.0889330829683352 1.4240623882820209
1.4741040555981690 1.0345392352198479
5.9876084438869688 4.8036251214033037
10.5967751214135593 2.0466852953406010
1.6777131298822010 2.7919859928816968
1.9549565247088150 2.4500649124036622
3.2505218409720200 3.4807628359508391
3.9031199272202151 4.8922320952044132
4.3590934349949846 3.8122658167828378
5.9118597164858109 3.9449044245039988
9.0687905578573371 1.7880638607431421
5.2220662828386866 2.4968666627584191
2.5059558620011910 3.0400030658726900
8.4765844553703271 4.1706175971467667
10.5490339641417794 4.7705547094231617
0.4386292498831528 2.9090010250381888
10.5523139462988702 1.2174789059555020
3.8956920439198819 2.2499172748126108
5.5133485849460921 3.2719028427058419
1.0994645658980979 2.5723581231915920
1.0010300375030969 0.4077137253607067
3.5486569530944929 4.0917183479345196
1.6024581711599870 4.9629079080598917
3.2261789624460371 4.3802740900070267
9.1652559998775498 4.4361057226803098
3.4302783710948090 0.9343111589582612
3.3613520352076409 4.8665148696658678
8.3810306708401736 1.6493059735731681
5.8524518496539937 5.6090838147880708
7.7494439658959484 4.5920211353297749
6.7314523125998509 2.0177055858874140
8.8017810320844845 0.4089736780575386
10.4610515970699893 3.3478732903097068
7.7207502031176540 4.0145287598378321
8.8071752082799968 5.5902488485636050
3.7854575384295521 5.6224592890070362
11.5817009843118903 1.8840289441654381
7.8162368279374350 2.8479773547398390
9.7991141713020280 3.0956021176157851
2.3406511146040412 2.4116832071275822
3.2869189377911838 3.0415614839183069
0.3803462728849248 5.6184446023430086
3.6384863349237029 2.8643839196567318
9.6459423142472573 3.4925507773394302
2.3438513870639399 4.0704292327176157
5.5445487335413297 4.1445582077308440
0.8414669106326578 2.9390915027853302
4.8754108993462424 3.7458337365893728
3.0204283292061191 5.1301777223111538
1.8318692479921921 5.5887884338693601
6.1714017478816121 2.8321208461239360
3.4547830131667721 1.7550889497782460
5.5719152662334528 2.6794310330528481
7.2062741593679638 5.6281788490978082
4.5570382985673170 4.5022357384033516
6.4004836951439819 1.8692182685293230
6.3641167583332070 4.4447452589193741
4.3069334667897996 1.7721233899100131
4.8741492312040924 2.9396136786361722
0.9956986696632001 1.6151768585049531
7.1983064705844448 3.3311689178737609
4.8349985007247556 0.9819975104534102
3.0028985727927329 2.4003083158437910
3.5888567644054739 3.6641794501715990
11.1003962714467495 3.0428652225080319
7.4819272113343152 5.0691540362733472
6.9450446874846774 1.3179196438263630
11.6052356776928995 3.0243798932417651
9.4488949568472300 2.3987906335658100
9.7450440073035161 1.3501184338568200
5.0972156938387370 1.7103733558141170
5.1796752800269612 3.5227953406071730
4.9379884478746927 4.3768832847119441
8.7424305749755238 4.8986075761842489
6.6915154805155801 5.1564586737757914
3.9564536715265501 3.0793309122109829
8.7100520979499727 1.0844421154807140
7.0628187021517936 0.3856229835626535
7.7001576911548364 0.3485051760056744
1.6223012693740280 4.1664536861776353
6.0365152374642621 0.3971441385504530
6.9750237988425274 4.0266748096025458
4.3668215595569322 2.5402745698455278
9.4699045720270547 5.6176858159360039
9.4600875248986611 0.3678850402883144
7.1948763143684982 2.6860548656077010
10.4751899813727398 5.6145769711053122
5.6194166897881610 4.7361107600736290
10.4765549286772401 0.3858580419120939
4.6270758331999948 5.1360149232437546
0.3759735732201295 4.1718316908208282
7.7409263469069440 1.3461834118979681
1.0391097570684000 5.1698319503665369
7.1210746713766282 4.4210897660038313
2.0240355732211799 4.3161077753244914
6.7864668746415653 3.2941004310540318
8.4047732582547106 0.3705211182282697
7.3529730137864862 2.2588806585309138
9.9645385714563908 0.9037109533231814
9.9749160294970682 5.0906521808033274
2.0542737878725910 4.6956351075406886
0.3626025711391596 1.7427510643368260
4.9789650099842842 5.6567415382608450
11.1389886311597195 5.6319544218657018
7.2631367048005906 0.9419113377667246
10.6425793047077608 0.8718859683717550
10.6434599516395494 5.1268533047255156
2.9582118681805878 2.8323425965122340
6.0671888849351170 1.0146800011692800
2.8815544367403230 3.6021040810567562
9.4084573554232609 2.0056207224903861
11.1346537265330507 0.3578517717000649
11.6584949015130892 3.6294067077137822
7.9315016838813710 2.4876179472468398
8.2014412481232668 5.1492714882305251
10.1578495304383001 2.1585773955535341
5.3672186483965696 0.3666692754252375
0.7982088489239326 4.7815806934507030
11.6539277062233904 5.6455191946263890
5.7545147848579123 1.6454729928034080
11.6215358631085000 0.3626749799560323
9.4366081610830026 4.6966920215526411
8.1613892037512201 0.8804286608268543
10.7137832905602792 4.0451445425071562
9.9346405130153563 4.4491981250445294
8.4120801218892840 5.6339830056608466
11.0913577137942205 1.7915969699036669
11.0099992058973104 1.4131603293473580
11.0386156269749200 4.6059184805143616
11.0699323364227507 4.2125284219596750
10.1659320657519494 3.7680550647592970
0.3406415306571521 3.4693945459903350
0.3509580235420783 2.4348521119193181
9.2203356339803761 1.4450400073763601
2.5823507527201688 3.3847575260523342
4.5203504882761223 0.3456229401211925
6.3927185150030059 0.3539279484792950
2.8719277531945240 5.6377535823209826
9.8254355742699371 1.8266978550235871
0.7157558366410388 4.0888179569147383
7.0365792443230033 1.6882772328444360
3.8613767546879312 4.2505578812202698
1.9269798546457291 3.6265811015277940
4.3400178661257964 0.8899130671884531
6.5810933889241872 3.6043988800086422
3.6505301363377920 2.5084756368009629
0.3415666188093799 4.5971379487792730
6.3592349665841068 1.4632620496796049
9.3147102676452000 4.1244593959151166
0.3314420109425840 5.1932612111657148
0.7560042236313650 5.6809431790053049
4.6954929246222896 2.0034623068305408
11.6725205361147708 4.6418757485317323
11.6519321611589302 1.3820165910507869
10.1043719342334306 5.6811186505736107
3.9123550854441569 3.4720936326449592
10.1181683909229996 0.3187885400064333
8.1729466290516903 1.9195070939337899
7.6155249969070651 1.6876094461426010
6.6187627854085447 0.8027933261809902
0.7044392112472612 1.8176889776517129
3.3773759400965719 0.3108038186557192
11.6431074074508007 2.5927982558192348
11.1717906710611796 2.4662248612094131
0.8654618029800543 2.2986898507944300
10.4366603417867001 1.5759468272079149
10.4163220448009408 4.4366543616655010
1.3907911373955979 5.6730142382516924
10.0441805085678908 2.5054451650779690
11.0541839267288005 5.2326618287239874
11.0779934750877906 0.7474822690196178
0.8259474336098479 3.6427413686147840
2.7809547920640210 3.9647862299540022
4.5263049611200987 3.4988308736229912
6.2034884059133537 5.0759547065620643
2.3763157633913781 5.2088742249561548
10.4639161546585004 2.7359726628532748
6.2280317659515143 4.2154086848937498
1.6886202334221290 1.3006585468324829
7.7165850440724224 0.7119429290844984
11.6714929398315306 5.2456994106029464
11.6793281628043903 0.7891263591690728
2.4985719999809981 5.6557014535587173
8.8808106694075732 5.2142443156810332
1.8543838109275110 5.3194946980655962
1.4928756925408839 3.0991631894706102
2.6374046638588329 4.6101396329051134
8.9118853386577630 0.7772675529940156
9.4870776165215052 0.7417648378692181
1.8752437464710610 3.0665689660339051
8.2632505936432903 4.4654120614045123
1.2361655808526240 2.2546268922335440
9.4443930749580165 5.2951301713617669
6.0757918074613206 3.1921122407787679
1.1135942921271300 1.2882830670359700
0.3396635375545773 1.3243556359583810
9.7705166530729652 4.7324227411396080
3.4364785843450729 5.7161749105824349
0.3342379095981790 0.3721501677360746
7.8420111922691236 5.6865480740922711
6.6165900747972586 4.0048436102126796
0.9995050359374434 4.4552974976589912
5.6908093268062521 4.3742934903958766
5.3751863601098400 1.1671978429237420
7.8326488348105618 3.6470933432099319
6.4621419345137898 5.7019207167167014
6.6582048185412894 2.4077938429025858
5.3876004889495599 1.8574017127410809
1.4289624785413431 4.5889764319206607
3.3129972614680709 0.6509564024350590
7.5229164719284416 4.4123182080814054
8.2133727391751812 3.5233349285615860
3.8749248927122442 0.3429847111394742
0.7389686329600951 1.1887324663745740
4.1151318090305322 5.1053462296987808
8.0316812597416742 1.3488340904129030
2.6135730418679062 2.3073128367472870
1.6797300660765380 1.6680235863676749
8.3263517315991997 2.5392092389615741
8.5976420816876029 2.8571157384091790
1.2236478366593870 1.7682798547497109
8.9636687590535562 2.5280933464131459
7.2194532045447248 3.7785466192399868
9.5082942422920862 2.8812612183802679
11.7216960542750694 4.2665830348395417
6.8877403117128528 2.6773092404324479
1.7148691431562240 2.1485459928598911
4.3031887866254550 4.0950314718615486
9.2576209296384402 3.4835597688718969
9.0456477500521668 3.1543622132381000
11.2860419252252804 3.6848367901956269
1.6626358652498121 0.8092943386712829
2.3827921384755260 2.6885295750529008
6.0738855339490447 2.2045480234156312
7.0555978174189811 2.0971060482796000
6.3146653958118648 3.5066335837631288
10.0144143824137792 1.5464779639608479
1.6608069999184381 0.3783081400543826
0.3053129406547206 0.7756862113275784
8.1900920938262995 3.1285299206325612
2.2327728484805078 3.7515608056883409
6.6587842299818600 4.6383365403533361
9.0721178221954979 5.6983413114160539
0.8415939715322648 0.7269401138589145
7.8925717177047527 5.2894300755178127
4.3062553993251020 5.6874391440790530
7.0739877066355143 0.6443236858231304
4.7701412904247862 0.2922261080708746
9.0760821780076242 0.3320007614853056
8.8536746185549653 3.7805767258014691
3.8923787550872762 0.6832090204358600
3.9664690524911181 4.5514035684454859
10.3265359774502503 1.0661332195633351
0.9904480981391536 3.2761598981470952
10.3269219078607009 4.9327478090997783
7.6002453191106554 3.3092956211273941
7.9818323172476946 4.7408720436869416
5.1151035795200643 3.2082484197014689
1.3320330532762841 5.1442931263465006
5.3976672698079220 0.6663207180640721
7.5589872723320086 1.0564327815334329
3.7290073791477441 1.0821650489900010
5.2712174205012943 5.2635817046738067
1.2621311416582710 0.2604201195855762
0.7352591550405715 0.2587272802000521
5.9340540154788588 0.7233994696342216
3.8214138341090398 1.5600513516752139
1.3457685646574240 2.6725194096621538
9.4430408542912581 1.2598164486659591
9.7942552855196112 4.1196089597120586
6.2419725597682287 2.5058089722609420
4.4680244594330558 1.5188073564138460
1.2759298488917079 4.0218412924466644
4.6186978303579833 3.2111040001599109
7.4377453731505474 0.3204508362043444
11.6797451490395403 3.3732252353384680
8.8030276740495896 2.2182528304654472
10.8353366433630001 3.7043117199272300
11.0131229460154003 2.7734378472108649
6.6168859124113943 3.0232169296483118
5.7386765139877971 1.9198074490646631
10.4550519204001908 4.0109591161884506
3.3413964040702271 5.2456950251064027
11.2548689023235493 1.1493466866840329
11.1979325135858208 4.8308805411993871
6.1108468643269056 5.7135953393862060
6.1851711884563478 1.6164950592937679
5.8265665718605604 2.2257531645058730
1.1517071657884901 0.7556578981569502
6.0210086096293516 5.2748628741540768
7.1567299538861304 4.9285438146540583
4.0916282454629176 2.0990133298994360
5.6400989606701506 1.3627769737054101
5.0641398707537109 2.7513162717181232
8.5330877209694549 2.2409137343542169
5.4967207403026848 2.9700806555733039
4.6078922088093197 2.3477374983647130
5.7014955560795793 0.2720962341376430
11.2959916967025702 1.9786581946123740
8.6972458885676094 3.4875924143990069
6.6928938861855949 1.3219639648901680
3.2958982670432908 1.5173479324375581
3.3097080954408651 1.2102589717570069
1.0322946287335311 4.1756547911772453
5.0070414015498654 4.9928023782485846
4.0361132651770264 5.7037781999592330
6.9444765086666260 5.7061090312450871
5.1504916599697923 4.6534070507711514
5.7642999044265260 3.3022579394041460
1.4670671608951440 3.5365994716431088
5.6071556384993242 5.7063899190923033
7.2888752866670146 1.6112955451096529
0.7146966798314511 4.9911271930414118
0.2476590394986702 3.2510753658601299
8.2178610812361459 4.0553550312412838
1.8794899883758851 4.8737509437109070
3.8842728157235680 5.2869462236596343
4.0874108500363047 3.6809590139830819
3.3924192637898241 3.8690964302915041
4.1969033988109059 4.6601797305188883
7.7829319452387153 4.2935561726453004
0.2435553113105743 2.7023711939081099
4.2307902858850470 1.2081128423394820
9.5732078032512291 3.9504661299128059
7.4686475471307521 5.7449373103010739
4.7272953125987893 1.3669045914680820
4.3285487926355017 5.2757326164770193
4.6062160647552499 4.8914374427899290
2.8155915423169708 4.9682734645864697
11.2984533492726502 0.8924661301269361
11.2977715898663096 5.1189266516087697
10.8000779617257194 2.2441050276270320
7.5819150706111653 4.8179359746019994
10.8711179167751393 5.7321519588136987
3.2832209348499921 1.9498935848993950
8.7842694938557990 1.7558618194111710
3.2561678608048812 2.3772476789052108
1.2410979013169690 3.7199074438647082
4.8653904222300941 0.7217604737305199
10.8691817724535404 0.2656514539599692
4.1567217349042060 2.3562898820433280
4.2236335144142192 3.0927526249215158
6.2213303922866618 4.6773982073865596
5.6227622003595901 2.4223887941731679
7.7823995258747027 3.0946817774344320
7.9789451325053031 0.2767426078415373
6.1208586297864311 3.7456607699996871
9.2338135675956945 5.1223747179905459
9.3390171519848657 0.9824952232822323
9.7032068327814613 2.4196915919440110
11.3857844085707196 5.7470626123323578
6.5028611441477508 5.3124076825157438
3.6215825258171228 4.9255059157258163
7.4573581090704852 3.9243291086133820
11.3655431093981392 0.2259928277766158
10.4431250614606892 1.8040684913346980
8.7316357124452839 4.2544468702412210
5.2527794252138964 3.7506310172799950
5.8036783272505774 3.6877509006495748
11.7674945880275708 1.6608140754476080
8.9229505095825310 1.9949709121628809
2.1382891567038240 2.2446461929121639
10.8849474702328504 1.9609764431525560
7.3794430383031360 5.3049201657157186
11.7357672127382298 2.1468206976923430
8.4814448179524327 1.4299359004614409
8.9963168034594876 4.6287984343994681
1.7826425945251310 3.7847141141251641
3.6815794408163209 0.8134317236536804
2.5370668094106121 4.2448922758431591
0.7105687990059297 0.9416961738707760
5.0046933546741794 2.3576354421148769
5.2417126914516370 2.2155001562716570
6.3937839828736527 2.9479872161417129
5.9166632487234736 2.7530247538978769
5.2067639657103291 5.7577231721539324
2.2667089496756510 3.0923430782710479
3.8618104363667580 1.3098581049437510
8.9998920197002814 1.3242487912560550
10.2262652895895396 2.6340753571226130
7.2533816625911287 2.9097455622543560
11.3614202621144091 3.0943917397324721
10.2404178334044094 3.2226087488370512
10.4721206961919506 3.0972008303998582
9.8568346360544670 5.7517915939014097
8.8193080174988054 2.7235207504972041
4.0485703015775538 4.1278475737967186
2.0876840010527369 5.7389709857246567
8.8030616817581695 3.2568476461822868
8.3341792047982821 0.6003696802902349
4.7488491798135382 5.7611658466022178
9.2539370017449993 2.9982822696002449
3.4774696789123660 5.4364970965864314
9.6801306268364122 0.2907223318751633
9.7622852110245013 0.7576679376635941
10.0411516640922400 0.6648760555411355
0.2660933720817774 1.9941663929928679
10.0408044627604092 5.3320130200300726
9.7341509138896445 5.2283350708193206
3.7189562194269170 2.0578755506052242
3.1794641518250808 5.7708020426799784
5.8186746701722667 4.6135815028714706
10.6970481863803606 3.2629409219477270
5.6381786777629372 5.4459950785833584
6.8381612120130466 0.2743986707377066
11.3128980002128507 4.1726425017513389
1.7199563079756250 2.5591371580040971
6.9750194887245254 5.4482827845775761
3.2117691440314888 4.6418913040808594
1.7190472261434420 1.0816166131589839
3.1573755679935940 3.2484466345765979
0.2885510258346148 3.9449595347517850
9.9351514401942538 2.8984492394776198
2.9382933064478189 5.3968626787108853
4.5682493526339227 2.7006840945036990
10.2697393539485606 3.5305819587813261
2.3101502870859991 4.7348312360325826
4.6351979983697076 3.8495241520456580
8.4224392198333824 3.0181776432730270
8.5017666613298655 0.9984865919717439
8.5796462981498482 4.7139980862126816
8.5103857269315242 4.9971073636561796
8.7113407322783925 3.9895332275277862
8.2071860703958421 5.7313197185783800
7.5966672661165697 2.8022842124296181
5.8066026419321704 4.1663487031786808
8.1296223862172976 2.6686523299279239
4.5671418222705471 0.9873983343290765
11.7935428491445204 1.1848987996356490
11.7883762355717003 4.8453272135407666
10.3787728496018001 2.1979438759161520
5.1659968086822232 0.2453047081699107
1.9062293399237580 2.6992381174463649
4.3425674053975536 0.6492230240361908
5.5413068491570154 4.9728719072192540
10.7865385236052003 4.6270894688086148
10.8066993757460601 1.2757861011816869
8.3301348471556338 5.3898569956636289
9.5119222112848405 2.6182940926722109
6.5185155259320720 4.2296910047019152
1.9466058231236241 3.3030452301452931
1.6364105538762630 5.7784297921553662
10.6514109306145706 3.5083670151580169
5.6223149514361657 0.8149792727445759
10.5541965424273698 5.3774053575798888
3.0027548233893202 4.4778767470733936
10.5547740194976392 0.6218386145453748
4.1354496655744333 0.2180536216896925
9.8590590584379978 1.1258161468899290
0.6135267578715659 2.3520883744067729
0.7668482262440511 2.0629503226031320
7.9239215125874081 1.9279164662033801
4.2116929616296712 2.8232779406750930
4.0694619693485237 1.6861134223371790
3.0501472383266930 4.2250902970414632
9.1079713675553808 3.6932182562824898
1.2592384447424909 3.1949737954345010
2.1419280361036130 2.5977519688278310
2.0845862664322099 5.2920119552415859
6.7787430254999093 3.8103681884914251
8.0869862969669306 1.0914259886258120
0.8798293935055699 2.7029004092947830
9.8662566993748122 3.6038921596560711
2.7725849320876299 2.9942034541545048
6.8589084151106796 0.7166714056799518
10.1715525470671402 4.4708270849513667
10.0360915737565097 3.9847820505295779
6.9082218371277886 4.5326816612576284
5.3046276142757982 4.2229956420731680
4.9217294830844853 1.8536865708977821
4.9000344072331199 3.9965288531980572
0.2057836521024730 4.7945544471234713
1.5295672829678819 4.3688808956990934
11.7266387432370305 3.8577880239774509
6.4513731172789663 0.5820465421971368
7.6058779595877422 1.9041201810664561
8.3277813735509589 3.7314079735774399
5.6384285984671596 3.4878687497477170
3.1255763049462439 3.7032072952618460
7.5702036602592946 2.3007775738167981
7.9482452598429516 0.7672490612151711
1.2818766095296510 5.3699762009595320
3.6206660463296441 0.2403311758667163
2.3923274340163001 3.5561609049002851
6.4600908376844703 5.0913138557291324
11.1552659267361101 3.2745934492303541
6.9109489493777456 5.0478083988076197
1.4386877243516960 2.1474303370029779
10.6350601549687909 2.4152119225033539
9.1206069973386086 0.8685748256719129
7.1011469302725452 1.1323811324314030
1.1782495347084689 5.8014456373627290
6.2869284745880423 0.9438806191731731
6.2219938491818958 1.2288983459939899
7.1189752653060872 4.6595090030881980
8.3707995715989654 2.0263892096174492
3.3019789077116588 4.1470130957420936
11.7504326767796101 2.3945287522522780
11.0724618449553702 3.6241790081225318
11.4230698309251704 4.6528010853859048
11.4251963478172893 1.3413234064695110
7.9721375656513507 2.2407341820288149
9.1717612919587026 3.9650769315065579
9.6433240660598525 1.9628807353539079
7.9609988915562706 4.0473334813318562
5.1187456587385904 5.4781750021913842
9.1914071917345073 2.4495791344124429
5.0371470469508148 1.1035046326833540
5.3449451516794291 2.7236390132983050
6.5991669951078249 0.2578187792898486
3.0874001094838670 2.6184475154285218
1.7845860969074849 1.8779753298640149
9.0413735586683810 2.8737161777803362
11.3865542731795806 2.5402967550982161
11.2810999822273406 2.2648635338354302
4.9037818873704948 1.5736337623626979
5.1862976851466724 1.4910871845025140
6.6900558957686638 5.7639458944424558
3.1145068266000169 4.9020072479904542
3.6809672042993480 3.8814456972647942
4.8169222914957226 5.4723423515203287
9.5998620662875727 3.7229161167956710
9.3846324265851813 4.9116534485294796
5.1217935683949758 0.7080226872259207
8.2483535748076182 0.2176809053337152
6.6728830336580476 4.9177479636487478
5.8765509501056021 1.1974949698322961
3.4561677203336889 4.3138059854197612
6.6747041823399149 1.0610535571144051
0.5926742092566952 4.6534116066571913
0.2031972017474454 1.1509456612772520
7.4894018075495126 0.8265582883138803
5.9519795869414427 5.0351927164476207
11.3081475591094893 3.9149111852314449
5.6580514076974788 3.9282438134866862
11.7801527780679294 5.4386305644745203
11.7774515743492998 0.5663957259814687
10.7255159638331108 2.7796138390501000
10.5857135829114295 4.2548000774849726
0.6302274970320552 3.0586431718783729
2.4881825271688571 5.4457208056676460
3.4824558373173198 3.4606817405638801
2.5765536456590521 3.9651318912298099
7.2168719622350102 3.5509558105149170
0.6485313311246580 2.8076182211823668
0.2268520555268047 5.4179778792476174
0.9166916201826019 5.3785793893922786
1.2075153510072381 1.0564557988491221
8.6229384946226286 0.2662402017837247
0.9579664030778515 4.9518182669593971
8.5104356569305448 4.4283877666764013
0.8908335768755772 1.4093703730382250
8.9583715680050471 4.3377021746351607
7.2212116822496721 2.4541398581048330
1.1928465621147699 4.6148268331408033
2.3198372477258160 5.7542795852949729
11.7655371647366405 2.8132400515832270
0.5602353624099972 3.5725368881794952
9.7696715416643336 1.5921976057854661
9.1781571608236998 2.0000902972726999
9.3214693190992808 1.7905105736880240
10.3427479263051101 1.3604063122854060
9.6325989146620454 3.2591096897226470
0.2168032149793544 4.3494605543832350
9.3126412775749934 0.2128685223420018
3.5128979701935181 3.0546714268693762
0.2415438092841569 1.5513818203462919
4.4406224635423239 4.6866048396717668
6.8200676669649258 1.7803935530030310
7.5362094442735952 4.1793636018078812
8.0205593511606370 2.9362408860287359
1.4000622182315350 0.8132645876966912
6.5088666014443053 2.0385372796232568
6.4615698615738628 2.5163895180087512
8.4292321649896547 3.9396968407113619
10.0336900270147993 1.9690478282371260
0.1994145545076723 2.2565993064825438
10.5975532300284900 5.7875639827327081
1.3543940790696041 1.2810963901884791
2.2887136582827892 4.9591453863286690
6.1935250695585724 0.2248373739851457
0.5634143803639829 5.7807015377314093
8.6086822541452399 5.7628097183403231
8.2499227239703217 1.4717287570854549
0.9603267640190638 3.4833159828535329
4.1116202106295434 0.7899653580806871
2.6362662318592571 5.1198924320317234
7.9973402468008210 4.5042570004157918
4.9588505744134466 3.5426620215000622
7.5331675116998236 1.4899009968141259
9.3285556754953731 5.7856071681683767
0.2507091112429070 3.6961095002310622
5.1818737492066118 1.9272455545433300
3.4115609291839930 2.8445851759594158
7.6585270211565541 5.2394814515814998
0.7204252658785969 3.8623561587812318
6.9567085394939259 4.2682113303880396
1.7622366518844650 0.5752104742263090
4.4497835113528801 1.9683273980495510
6.9877258365335111 3.4117615885786710
3.1904370952328218 0.9915938583112310
4.7816166965593094 2.2447516328653458
2.8544299920789209 2.2050743103226100
10.7307529960494996 4.9014144669904613
3.8859468841354832 2.4895392955823969
10.5964954218978296 0.2137133773490101
6.2225889778051160 2.0444544669667639
5.3824860643333912 4.7236617645895178
8.9893201333084303 1.5738017900152059
4.7889105419536193 4.5322512097694494
10.3573639896437992 4.6557592179410641
8.5794608904122889 0.5101616900925091
1.6393353171626690 5.1873081928880609
4.1582774278005301 3.9079983431070699
10.3133918927084007 0.2174734953284446
4.4450844444125508 4.2930530919990044
3.7488704875157208 4.6831700047748184
0.2093829654858990 0.5644966388079402
0.2211518219243623 2.9937441081219212
3.8223719553185029 5.0801235288417761
10.7058554357172095 1.0709944959729230
8.5830016202648878 5.4906216830305814
10.8223138505922698 5.2733368403784429
8.4651307417699879 3.5201297053243019
10.8218306348721907 0.7185234157945971
8.5843094252269410 1.6324364242769529
1.7838229718087231 4.3361711638808256
9.8415138286580852 3.3263811285884231
6.8242355415271989 2.2275921794031301
1.2421136916247870 2.0343905516724461
9.9473925933424976 4.8665720006585111
2.1047056671189881 4.1157699507551868
3.8214115645511781 3.6783236903228822
10.3132870244136896 5.7824249616901939
1.4856558413167471 2.8742351419030752
5.4032430915668481 3.5051602772956350
3.8596291517154131 2.8820639586725738
3.1501476072559740 2.1727496752579230
6.6025856698234664 1.8323685448928091
0.2075491704001987 5.7911106319683867
7.2128812048396327 0.2156673248915206
9.5896549802995885 5.7960386827061026
5.4699611269864166 0.9736813812912231
3.6739900094532820 2.3000746724919310
10.2591813815131605 5.5106844816235467
0.4637511481928787 5.3864710650751686
4.3133342413265652 3.5539261361411039
9.3840297072078283 4.5028088307026843
5.2972184160446547 3.1287015982807240
5.5496734627950692 1.7194986535487560
0.5288476267676548 1.2965456761639660
8.9329688424970186 0.5615835566487579
1.2117297227269661 0.5114506325485991
8.9507045917627970 5.4155081403135394
4.1169574092303440 4.8612329299444728
10.2615517292257898 0.4888794814902199
4.8105298983137423 5.0424731844892499
5.3905450207125547 3.9628626175241992
1.4648845950876399 1.6788813805196541
0.7882918833415518 0.4995966201810474
9.2376431745319394 4.6676065270707277
3.4690196389621022 4.6680327453697679
1.0878532647947250 2.8013602442625340
9.9120437262946286 0.2394624892538030
3.3859294691883330 3.2519802157799589
3.1861769279640821 2.8271660848990621
3.7330800443374681 3.0730313814250412
4.3724536936521190 5.4655364363407708
3.6876784070834558 5.7986210305112262
4.5107246441409368 5.7998451890832294
0.2046738850951980 5.0176133177222626
3.2399756940905631 1.7512653727892140
10.0201742663034103 3.1290857986998941
2.5725291361657820 2.8351755660181288
0.5483425738547947 0.7876332893630588
11.3612664807117891 1.7408052169212651
6.5808910992308629 3.3860611397130138
9.9472334418331467 2.2715962341665241
4.7200313383648824 3.5724911963498331
5.7710262772633847 4.8916422200605361
0.8139472858517836 4.2856550041502706
9.5468015615088273 2.1901918116470980
6.0357433246895997 2.9954255126475839
9.5732843432889929 1.4413229091391671
6.1509968500346934 3.9891023140213080
8.1367155681561059 4.9258733312604184
5.9458711617356146 5.8164633233334184
10.6137607896352293 1.4552722690582440
11.8294257438489492 3.5319081750991912
10.6889369104155794 1.8224213796752391
7.7670863426064329 2.6208101183204282
3.0523996522177579 3.0364998761169488
3.2181293318893571 0.4307436910452936
6.4442842038080999 1.6701328377517450
0.9457700080733142 5.7747406742077096
11.5002332749938994 2.8209604270020399
2.4213951367436279 3.2613624825241110
11.4872424650554006 2.1053609744660280
10.9196327849473693 3.1757906920725230
2.7032315126302122 5.7932926601673831
4.7052790514444087 1.1512257057904829
1.3581388209705061 4.8352415752391069
1.6185502162098200 4.7419662627433503
5.4941247722661508 5.2535919968667297
0.4528225486450942 4.3948873282603103
7.1285705398203856 1.4246266680729340
7.8455770158360911 0.5364401074162257
4.7046174033107997 4.3306528115611602
1.5981549531109209 5.5483770153114476
1.0282008772645339 3.6432950047572401
4.0264592703784396 3.2862318771399210
8.9196158895733468 1.0375199278049800
2.4015452232594829 2.1803261412123538
7.8569547160357818 3.8569365339868829
9.6023450170230475 0.5362053788627860
6.8754536505180441 5.2500809797949426
6.8082285211643372 2.8660565793840780
4.7203413966746472 0.5132329506501473
9.5956685640561243 5.4537848086020144
11.7673379742366002 4.0714400915091211
8.9533491407967816 5.0224982550737378
2.2676405064147662 4.2848455313013414
8.5817584871535662 1.2324147190969830
3.4432388674500229 5.0574325860586278
8.1569734898653330 1.7147797563042020
7.3844151831345028 3.2518606127805052
8.2928887194876690 4.2748436691232508
7.2684737176787912 5.8336698295888567
1.2610807198327390 2.4511775903320689
8.6240283296979641 3.1198589572826871
0.9997893778922493 0.1863151311666864
11.8137129026836991 1.9236655531426541
9.3098380536225029 2.2113311700847418
4.3058272494361818 1.3888208316236641
1.9320976786144690 4.5159836316716504
8.0080076599865340 3.5371268507172902
3.5774237287506021 1.5874286080707800
1.6935751254714819 3.5930473746397591
10.9006628057782002 2.9522188848643820
6.2216436737078826 0.4789332913866134
5.0529577929744702 3.8310473113113170
10.9921037028294801 5.4587157369555923
0.4855661809500245 2.6259272719827580
4.8070173807135044 2.7466475554034870
1.4287731464304521 4.1842754940990563
11.1741237272603708 0.5444977550516149
5.1962065309936376 1.2441756400353670
0.9159097265081589 1.8055019667753689
9.7206846044401498 2.9223107113539490
8.8451421160074268 5.8033173271233442
10.8457317984500801 4.2115578193618184
2.1648958808002821 4.5025920289367054
0.7865322496217356 1.6288060568424769
5.9373198559078233 0.2256171431319441
10.3054346382059308 1.9938963693913470
1.0359664359328740 3.0488588714891511
6.0193930593853970 4.1481094248598636
5.1367842397618562 4.4373573468009218
7.8898057967075692 1.2038643628524970
3.0156726736565060 3.4270622420368779
2.7465644335986732 3.7725412155356581
1.6773008628573041 3.9682628662939661
4.9525169229272974 0.1936780069965636
8.8804709824990038 0.1826769879239660
8.5055955524606528 1.8203846798866281
7.5163629549503952 4.6100141295676869
9.1386496041184468 4.2015420896056463
5.8630401408817008 0.9120383821911702
6.8859778660379192 1.5254791291776291
6.9063814975031104 0.5089710859607225
11.1553353808847096 4.4105889929353008
11.1586584899973502 1.5784509658586310
11.4911709265980608 3.7775161175106029
3.5274820192353671 1.9455122972777299
6.0578836003322527 5.4961056765641159
10.2255898258002507 1.6073389759319250
7.3915189949239686 2.6825661201936462
0.5713923494227637 5.1628783060044610
1.8780796441213330 5.8175269696526906
9.4509039862155966 3.3895333403770240
11.7679103556211206 5.0452706957079068
7.1996372774290780 3.1250657520069960
11.8034170460971399 0.9664704018773613
0.5269601064761920 4.0195637051630513
1.4707295426861740 3.3100294071317449
2.7901907487933548 3.3915541612545050
7.7537310374317894 0.1640927258699709
7.7866431076035303 4.8178038547296431
9.2780232464158736 5.5858125950966562
9.2684945606753804 0.4174721875193686
2.8187267423030851 5.1861882438868276
5.2207061797635612 0.4992718586120923
3.6976050148947541 3.4663152356385010
6.3313232161557069 2.7011516957340298
0.1845982652060292 0.9431350218688842
5.4087046891024899 2.3681740609038382
7.3186260702864558 4.5157342576476971
11.8039596903300499 5.8010032819416573
3.7073573804569602 5.4221816248454298
3.9183621680220990 5.4939058985521632
4.6559056668156256 2.9783218554955009
11.7999033156062705 0.1998383925179496
9.5336884545222720 4.1737302988450766
0.4623032046017432 0.2045658363798089
2.7708250737130999 2.4473555796570849
3.5077419811786581 1.1439310873329180
2.0251262924961910 5.4979912996422353
2.6618874476180321 3.2037242362586991
6.1685452557872757 4.4694444649764424
3.7613316109540729 2.6897081024075100
2.5481473649528241 2.4912309484073432
10.2454109338603594 3.9465616462742461
0.4501757746544890 3.3340897242376260
7.6620688245207482 3.7833586014858671
11.0800048300113101 5.0411369363255840
11.0818637457098905 0.9850059436042238
5.0734412396766020 3.0151497305727490
4.8913433350300268 3.1583511713723831
1.5356837148731171 0.2055959671640208
9.5932695592066466 4.6018022774393721
2.0697204134247409 3.1299241899092860
4.6561811907446709 4.6754211084734996
11.5349259449971502 1.5871029650703981
4.2516299045315318 1.5659909260245339
6.7842195181004517 3.5171372481798451
1.8517227406363339 4.1371096192670782
3.7913441029858701 4.0750984649198054
2.6625970806605990 3.5705214069305988
2.3601110655028070 2.9093093645159498
5.0198589451968596 0.8961338954516779
7.2538484777234338 0.4709519834104686
5.4844807447085104 0.2026246484108802
5.8725766943739526 0.5115182728237599
10.0136778529660901 2.6995890118292829
3.4801176494301229 2.4199832544870570
5.4837999439521221 4.3384801989584298
8.0272582382430340 5.7962391756253613
9.9907787890900028 4.2562852114366301
7.5993677780395608 0.5512101733894079
0.5206843006510434 1.9050600961688231
6.1550819515896702 4.8907827642602406
3.2048754644465518 0.1987849021293233
1.1593452448463690 1.4823819444984629
4.5999963983390648 0.1742643059243244
7.8042974873065800 1.5524195487388690
11.7961791417867996 3.1267237508287988
11.5741158524120102 4.4358698688079050
11.0198630197713801 2.3547064352183589
0.5672987282195031 1.6784592539809580
10.0994320622181295 1.0416505973553909
10.1134247229831207 4.9552292033449623
8.7185090758023556 5.1156055707813106
6.8649698236221202 1.1570206373577181
2.7041710850885030 4.1260078690097686
6.5304799979152914 3.8194197778749071
3.8709473164825532 0.5168572450574859
8.7151634662571880 0.8851546429799222
3.6685126280362268 1.7836174833352669
8.8064650461612182 4.7163065537857696
5.0661023457223218 4.2101801833183119
7.1460194931914884 1.8751857502772420
10.5875750689154806 4.5195906601263518
7.1853068008563197 3.9907981806036199
6.9844965828760754 3.2034630512788449
2.6935731360315591 5.5426519882298599
5.4325263034822724 5.8009258029372903
5.3037850110371361 1.6921226523753989
0.5889628074204978 4.2349375232093864
9.5138397568355764 0.1778238069843207
6.5565412957673548 4.4526103845731342
6.4446627916442729 4.6241518527360643
2.9596669003159350 5.8075049440089073
7.6895466482161758 5.7918418926653699
0.9916587087838580 4.7004966990598911
7.0366876710372672 2.5708719822024491
4.4215082943218791 3.3150026968129378
9.9450483784370576 1.3727878522773540
8.1177223004005192 2.4435924713616819
6.0951793848219946 2.6130926436113282
7.4889054549618788 2.0997232649093318
0.8646842931603211 2.4901526342198501
8.7948133047460146 1.2458146447123610
3.3789389083187289 3.6402017450228570
2.7679580523986340 2.7923908513127840
1.8674354896553429 5.1029779491889444
9.9530218407545412 4.6371274198186816
5.8291386462153252 1.4636198825126210
4.5506189583845273 5.3305539515295361
7.3691220205993178 4.9202716914504760
7.2915908381279229 5.0940381433277961
2.1147101493484328 3.5484404708166628
8.0202371610415799 5.1376947546486429
3.8193967175227419 3.2713506432078292
5.7401939530973216 2.6105235618668901
7.0347021311423381 2.7917228829397129
9.6119322352858525 3.0641797911472102
7.3829055372782220 5.5212641195918142
7.2070096282411278 5.4204294519958687
5.9639280905815024 1.6963356848081019
5.6975967971394716 2.8573607423189409
10.1921559551848500 2.3665029558934449
3.5406536542253781 2.6667722206430171
6.1666093805412148 3.3365755279270970
0.5959709861017464 5.5524039757344346
11.5578408357192206 3.1981656963599261
7.9849797278259649 3.1657570175131680
6.3996059058062622 4.0265895197604653
4.5409409673071126 1.7626768626371221
8.3493841705232636 0.8264059033984629
7.5458147673985900 1.2521958359469649
5.5478162289383031 4.5447390605323497
8.7455253434955935 5.3458086788451400
1.9166876574736189 2.2448456331287452
5.6863860869615337 3.1093689072928021
4.1646032064664702 2.5942257217208149
7.0235468784582462 3.8378343664272601
8.7468251410283973 0.6493874104832811
11.2155563510164793 1.3814466456615131
11.2347548452759298 4.5905092947304382
3.6677429109404560 4.2701765178931588
8.3811572335951148 5.1605887686739429
7.7056979302951873 0.9170670738929638
7.8064308340988076 5.4629928352893344
0.9723792259418010 1.1839763434367270
11.5440994545055595 5.4846068027757457
11.5450036542900101 0.5777149416709647
11.8182933590666206 4.4429346946784776
4.3543390388928929 4.5058310501535761
4.2536399875335267 1.9740367382614670
3.5146392580031058 0.6955309024055849
11.2486402609473295 2.8801143299814078
11.2199182790515906 3.4834271585659362
10.4244606229009094 5.1389558612453472
10.4243205756264103 0.8595997027140494
8.1933184993209078 4.6698851499460794
7.1553723261428956 4.2049320112777968
9.6480862695524401 1.2188441586846559
9.2385232261694021 1.2357018909101760
11.1486812546553793 4.0318598452246404
6.3094911812057202 5.8137082727664620
5.7689518481664601 5.8322603299992046
7.1712649711154146 2.2419857838689201
7.2642717914495272 2.0713073814845391
4.8532504371086906 4.2018864070386446
3.1468063298727209 5.2766122297261697
7.7676444073254869 2.3652891806322311
4.3989669814192922 0.1747477663538634
11.3240069991654906 5.5335515069092294
7.0169808871279464 0.1745326494008492
1.1634943844165899 4.9986585108393173
11.1092504811200197 0.1646053791959186
6.7780236997905350 4.1186736082708917
10.6565390916322507 5.5956208148859190
4.4314197687714927 5.0956107529216261
5.8426953712855036 5.3991681855519698
1.7993579791427829 1.4767809895740109
11.1166152480993894 5.8303820334804790
11.6024440965972797 0.1589717926908488
0.1804963167405645 4.1108926919721718
3.1896497969380322 0.7987091776351529
0.2019827276381051 0.1975119523533055
7.4074022860017816 3.4410266621979151
11.6111772112286395 5.8385523495881397
0.1571175394741155 2.4727995367179711
4.7660461495467210 5.2547735810556251
10.9518562258886600 1.5964077381812760
2.6500478133258820 4.4402323804757007
10.9439894885080697 4.4138582940039521
4.4164950501792744 2.3496450957606312
7.2640854618223614 0.7349100931712053
7.6704102315530616 4.9986575800921873
0.4402805101039136 1.5091724450603721
10.6558064075578294 0.4046633617615241
0.8046032723778392 4.5544868005482346
11.4590604736994504 3.5447596005634781
4.9785111299426434 5.8397480142069433
9.5981858334304135 4.8243979643694148
4.6861233026799463 0.8345927385494567
5.3599031679697093 2.0337316259294509
6.6244043900606711 2.2007720005494371
0.8197680255195166 5.1751444442536148
5.2684809103241719 3.3375014879846598
10.9211042110793599 3.9909218186605271
1.7983273811788680 0.2034900479713654
5.5367800317085063 0.4139527433850434
1.7646666839422640 2.3644524502240070
11.8432251119208196 0.3864363269009609
7.7820793433177444 1.7555396862248320
4.1872024113949697 5.8413356063962851
11.8485498133764509 5.6154653805034132
0.1625879233400016 3.4996747149252818
6.2274203926198934 3.0938939853339651
0.5430598338080475 0.4151939802044910
1.8432865254046100 2.8865865745972989
10.9834448655151107 0.5149007702502083
1.4498062535302949 0.4191482357528755
2.7047188328182599 4.7751974029829087
9.4077161532765032 3.6033605625731959
4.9796358136699643 4.5604404816583051
2.0328627484543582 3.7747333517105299
1.0271594530511790 2.1719833667989148
5.3782827903309807 5.0992182147603442
10.6114348793767199 2.5916400333424492
11.4771257456740496 0.7916965191653739
7.0759964202020331 0.8668336393251721
11.5239013674065909 5.1186991094729102
2.8740857349089168 2.6277594767247749
1.0570070929482831 2.3725056006991121
10.6923916614903600 3.8761494225958519
7.4178910580385349 2.4402594331811671
10.5309373230232204 4.9716897441390291
10.1834622980935698 0.8694992303573057
10.1860506140203402 5.1285234642161646
3.4560249471224749 0.4855627655053769
7.6381153403066833 3.5337967078851862
7.3777209435602824 1.0955092246279641
6.3926070529772803 3.6899629563159242
5.4395476333929604 2.5429075161072410
8.0982213923825181 5.2992576994077742
6.2998792732402800 5.2350464366468454
4.3616083418929072 2.7216437043996109
11.3489619909003991 0.4470367132628976
1.5589667330975390 1.4534267919170041
1.8404490216993841 4.6792161571755138
0.1741099512618672 1.7381483935698769
6.0847157388838173 0.8182933738666904
2.9381389221387981 3.8633980457467931
9.2417558436079350 3.2779264883201291
10.3682337243934892 4.2642746263952391
8.1267569712127745 2.0890039352158101
4.5126664301696806 3.6670385679459940
10.8795507019645203 1.7612429348553060
8.2172757917422032 0.4086755713603153
10.0127289975578293 1.7307320875075769
2.1257867821373431 4.8669231989024739
10.9350558421099002 4.7701512722981141
10.5838130788379896 1.6638083761489380
8.3653092872099624 5.8233161434423399
0.1595735350074763 5.6041441355547006
1.6781407534657531 2.9889972817412072
8.5459097790937459 2.6301729454272391
10.0876629757430294 5.8477515150915353
9.0517218686036287 5.2304940277721812
7.5744635801902298 0.1712009440505149
8.4797994436959403 2.4318555859083628
1.6947440039579780 3.1909309401701549
6.8564068631975132 2.4810905244163122
9.2893591300297640 0.7483912760281449
8.1081535706034220 3.3359308444074078
11.5391823951034809 4.2138304259293973
1.0086052062198860 0.5903032218300742
9.6737245368957154 5.6233506255352319
11.8473605494573704 1.4245668273710159
4.0492691689786584 2.9151081458275341
8.2917853305617673 1.0048966494669800
10.5270749326926492 1.0211602903191319
6.5437086224653838 1.4726122533463450
3.8000763925145740 4.4355092157358529
11.1999095069311192 5.3879748243154921
9.7683578767669630 4.3305048362894976
3.0378058805334391 5.6239108155077888
2.3873477681933220 3.8424465688160829
3.9801771102548380 4.3593168620672911
6.5012748469091797 5.8568589878622239
6.0365455710420317 4.5954420161207601
8.0562065357987738 1.5488829338393519
9.7846556903734676 4.9781632829304288
9.2032787215676741 1.6332639028750291
6.4242837776928736 0.1687696463459543
5.9665935399835499 2.0726301816960251
5.1857552165545284 5.0692122620477154
8.4547941073430799 0.1759196995666105
0.1510754620855396 0.3779237522106786
11.1925168982551408 2.6598756955256859
1.4901285079584881 4.0217127749145840
6.4130712540511956 0.7950481330873985
4.8702374495508360 1.1893863388032719
4.0999128504097868 3.4735013844620068
11.0446113809101494 1.2148278668445440
3.2468275582755051 5.0680217292391703
4.3121700510572483 0.3910726814755718
3.8716770766678130 0.8747243519091404
4.4891762569810254 4.0253889211730867
3.9969409603453099 4.7263581379112711
8.9495521699421712 2.3622405143848710
5.0410214805854583 3.3654990186838480
2.1502702110052550 2.4252512749123269
7.7160859495358816 1.1409157988995560
0.6476200385774159 4.8403807925905546
3.1273967561576921 1.8557157505616000
11.0343498666189195 2.5636910366343351
4.4934520019051583 0.5207291622961145
10.5659576066531997 2.2599759528362240
6.7062620443581444 2.6197036082163581
9.4763147416124660 5.1125672713280794
0.8709301266939523 4.0516686479881781
5.6375334538565367 1.5360629890851230
8.3132176901393766 5.0054268862807652
8.3863632141742972 4.6238930261867770
0.3870077347302245 5.8437641175844171
11.0968856917105008 1.9632162046982060
6.7172388854711791 5.3620534416101124
1.8509842244924570 0.7380122619640908
8.8392682107465976 3.6186926661598511
2.5182231788116711 4.7130857549246628
4.5434070927073797 2.4949210033987441
1.3849079242568441 5.4980942204483938
10.0110122158037793 5.5441276326660809
2.1673068340797110 3.9251407786039318
10.0957433602729107 0.1538773574917555
0.1475090234760341 4.5712841614906132
9.3358532855939416 4.3094600121046263
7.3317578641757626 4.3095825064845350
6.4640834859257987 1.3189553170304540
0.3893971561768680 2.2372283888326150
2.8909184541108690 4.0936801967304293
9.3537533049509118 2.5499757455095180
9.8005661928821013 0.9450298148695807
6.5334542218718967 5.5275990577915977
6.2010885677849901 1.4484718745284619
3.1608673582696540 1.3369494521851291
3.3918175648773912 0.1451255407725036
7.4641823650228103 1.7175698889858011
1.8490359690386600 1.2883507832349730
4.4533595505832038 3.0987154302079980
10.0215149748368706 0.4524489094289870
5.3282271203355336 0.1973718931014752
0.8064084020328610 3.1807872358328928
4.3603434465067812 1.0713350828134649
4.1765212771888311 1.0174321888399720
0.4421337175032192 3.1374811307250798
10.0685485111670392 3.6125504429454778
1.1215643837377101 5.3293261386661346
3.9176854286497331 2.0490956344194799
9.7693733606097837 4.5269202104939490
10.3550622244118795 3.7707842007890888
9.9886042920660216 3.7676379313958090
2.8095651045885730 4.5715012467126703
6.8094794284760916 3.0909716653103518
4.6301355892470566 3.3820900264203808
1.4032800216166319 5.8558773151418109
9.0587679684199234 2.6667964595683848
6.0623690715662946 0.5994179344224515
1.8438040354429219 0.3995863183219653
10.1374319692054993 1.4263706218230809
7.0928871186586040 5.8309858107614607
8.1679749929182677 0.7122378042312664
3.8908054139468500 0.1510393626113818
4.5428273601524651 2.1731351332567441
11.8361470968762301 3.7112729228120842
4.9775677059109293 2.5631512588211720
9.8836735117572765 2.5288038368047241
4.0179359051313943 1.1750062619788399
1.5661621445442211 0.6079740543085155
5.7797221267708334 0.7142863569455477
8.0162273653378708 0.9330668579305920
5.3834887358063641 1.3422134607490370
6.0710004378439288 2.3904299407353768
8.2588921202744032 5.5714887459672076
0.4170694633540784 0.5916940814740648
1.8752995763748621 3.4820460721108608
5.1515293580862327 4.8577774445075006
6.9322245925040260 1.9492950974367309
6.6360929420986707 3.2046593417637932
5.9014845571429522 3.1536817704844271
3.3843723785710780 4.4913233123884311
0.1565265649759103 1.3855573296064729
6.2055134510353200 1.8094912783827539
6.2899767985592074 5.6052678984911211
8.6081836510078311 3.3307135173598770
8.3154431227016623 1.8255271338265480
9.8395479908741024 2.0222318708047768
10.4613985656960100 3.5745150748613632
7.9324248705154243 2.7004319117863589
5.5153312945812392 1.9475072629458861
2.6242731009608420 2.1350399175851371
9.3885675772327613 3.9909710137446011
9.3842073350186652 1.5415982256658289
9.5037871972925316 1.8436899605049100
1.8362239705840830 0.9178759821148496
9.6567451355882312 1.7769460571028370
9.3926974805910657 5.4651753468048776
11.8295830878955694 2.5544782865356290
5.5752774036426596 1.1831078494443110
9.3791179687912845 0.5615669347121225
3.8837023493438898 5.8258855743411671
10.8239591148373400 1.4684102651791939
10.8529691297075797 0.9200945366785285
5.9606042798200356 3.3271261954718518
4.0719326517450929 1.8949705833094590
6.5353360732377688 0.4213813297871915
5.0752632005806504 3.6721298953243009
6.7250778140555711 0.1306637960642797
2.4748623790667339 5.8399921539982014
1.6893980365747401 5.3943517345898240
6.2506298981964852 2.3171206659760788
0.7689469960996893 5.4944826218055089
8.9699738150194843 3.9049594519138662
7.4336246785331559 2.8712843042840599
4.6651800443245746 1.5753950618250001
4.4992835863484446 0.8112115477159701
10.5304204998404707 2.9124914727154492
8.9340683381703894 4.8236241138262042
3.6042859873031858 5.5927987694906296
1.5520534952374561 2.6601860513423410
1.5516928245261521 1.2189592517110299
0.9057758776196539 5.5707511874069491
0.7892736118634643 3.4253011039276591
10.8581279542025708 5.0777442998540741
6.4877527558494288 0.9486021510177397
8.3854610919634709 2.7655393333388272
8.2547241326513312 3.8783770362950580
5.8286515617495684 3.4640533170604919
7.6840034600445222 2.9464822052522659
3025
47 48 161
40 41 162
47 161 170
41 171 162
46 170 165
42 166 171
52 173 164
45 165 175
43 175 166
52 53 173
158 162 177
158 177 161
159 160 174
54 167 173
49 50 160
160 158 168
38 39 163
158 161 168
44 45 175
43 44 175
160 176 158
46 47 170
41 42 171
53 54 173
37 172 167
158 169 162
159 176 160
38 163 172
163 169 158
48 168 161
40 162 169
159 163 176
50 174 160
159 174 164
49 160 168
163 158 176
37 38 172
159 172 163
39 169 163
51 164 174
157 175 165
157 166 175
159 164 173
157 165 170
157 171 166
159 173 167
52 164 178
39 40 169
45 179 165
43 166 180
50 51 174
170 177 157
170 161 177
171 177 162
171 157 177
48 49 168
159 167 172
54 181 167
51 178 164
46 165 179
42 180 166
37 167 181
7 178 51
46 179 8
6 180 42
5 37 181
7 52 178
45 8 179
6 43 180
5 181 54
306 747 631
300 582 852
11 915 519
658 917 941
328 927 961
356 899 516
1081 1251 748
306 636 747
356 1040 519
279 540 699
347 1418 581
722 986 1031
67 68 567
57 520 951
241 957 560
546 332 1571
226 657 650
310 1242 569
192 736 922
194 1256 1268
194 1268 656
327 673 571
321 1081 748
356 516 841
18 1360 683
345 799 522
346 523 798
303 1044 613
133 1133 618
347 609 1418
545 828 350
222 828 545
501 961 927
366 596 881
6 881 596
311 657 713
296 675 615
317 646 664
551 346 1152
220 658 613
220 917 658
326 569 1206
190 521 839
337 839 521
352 826 623
279 1115 540
216 673 642
327 642 673
356 519 1147
396 722 1031
688 1252 848
346 870 523
345 522 869
89 90 612
332 753 1571
310 569 1292
461 1214 585
190 1277 521
103 550 905
105 1296 522
183 599 882
246 706 880
432 880 706
306 672 671
120 906 551
105 522 799
339 817 582
605 322 716
261 1178 547
426 547 1178
355 883 532
213 764 558
399 690 580
340 693 639
211 590 1117
429 1117 590
338 1397 599
338 598 1397
505 1087 617
496 1045 1141
320 567 762
233 688 848
311 713 1263
237 1452 985
203 584 1323
585 1214 1435
341 707 642
216 642 707
422 878 665
213 718 638
223 1116 573
11 519 1040
368 861 537
259 749 546
355 532 867
296 584 686
217 942 976
661 387 710
292 661 710
667 1202 1123
219 529 898
623 826 1125
133 134 1133
112 926 1215
290 604 998
57 1064 520
196 698 888
418 888 698
365 608 1164
368 537 1476
450 1123 1202
63 925 757
337 521 971
62 63 757
338 599 758
183 758 599
316 664 646
613 1044 740
107 594 1296
296 696 584
219 834 529
336 529 834
214 1384 574
331 1151 1095
331 750 1151
207 964 614
336 844 529
546 749 332
213 558 718
340 832 891
310 694 1242
562 717 281
18 683 19
216 541 965
216 1079 541
28 608 987
317 591 1454
366 857 596
265 596 857
415 572 795
220 740 583
291 665 878
501 683 1360
294 860 1075
647 1378 1352
532 883 1065
237 985 1077
114 734 867
402 772 753
195 753 772
89 612 1119
311 1527 657
603 657 1527
597 985 1452
366 590 999
218 631 1522
385 1112 691
631 747 1522
261 547 1126
245 1060 1315
385 914 1112
214 714 625
331 625 714
225 647 1352
284 1212 590
215 588 1414
367 949 545
197 637 1032
390 1100 634
544 659 1389
289 1389 659
314 592 723
404 612 1023
281 1023 612
114 115 734
302 621 689
278 550 1375
371 601 941
367 545 956
349 821 845
551 1373 346
255 1065 883
46 1041 671
505 1461 1087
300 1225 582
302 597 756
696 1323 584
241 874 690
403 690 874
204 1187 643
390 633 1100
189 725 1145
535 1145 725
371 779 601
1065 1300 751
347 788 609
288 609 788
517 656 1063
945 1541 1047
326 1206 793
322 728 716
379 716 728
643 1187 1170
319 892 1030
214 625 1384
357 804 977
496 668 1045
386 622 931
297 931 622
258 1435 1214
415 795 904
352 707 679
341 679 707
482 645 1344
1063 656 1537
46 671 47
370 636 823
228 823 636
821 1357 845
326 1292 569
320 770 567
222 545 949
220 583 1293
234 785 752
402 752 785
564 921 1212
329 593 808
234 1042 997
426 809 547
67 567 770
409 827 602
256 956 545
345 654 700
220 613 740
346 699 653
604 1532 998
429 1212 921
317 664 1414
202 544 854
317 1454 646
282 618 1021
401 1021 618
554 419 1176
373 701 732
224 732 701
394 922 736
261 572 771
85 569 1242
345 1375 1150
85 1206 569
84 1242 694
605 716 1386
392 1254 685
300 852 1383
353 1132 617
305 641 695
317 755 591
276 1321 809
259 546 1372
365 583 740
545 350 910
982 1254 392
360 812 647
570 809 1321
202 1210 544
256 545 910
278 1294 550
223 1012 629
42 1325 587
280 593 761
329 761 593
429 590 1212
246 1271 1204
272 592 913
183 589 1099
662 1553 1526
720 1294 1317
320 762 652
457 977 804
68 1038 567
488 1294 720
340 639 836
270 662 1526
451 829 1321
409 586 1082
207 1340 964
376 1129 848
83 84 694
359 907 648
489 650 1268
307 1268 650
510 1230 681
187 681 1230
415 1205 572
552 350 925
491 1030 892
236 1005 727
490 724 1391
447 616 1200
490 1391 1295
592 1232 723
267 982 628
392 628 982
183 755 589
462 1502 628
188 1207 835
413 891 832
215 1414 664
215 664 865
377 989 584
319 1090 717
544 1210 902
552 910 350
272 1285 592
197 1004 637
599 761 882
261 795 572
229 730 646
197 826 555
570 1321 829
186 723 1232
193 1092 735
560 957 1304
302 1432 621
42 587 881
365 1164 900
485 945 1047
236 1027 904
605 514 1046
605 1046 273
327 571 924
565 365 900
650 657 1439
300 738 620
128 984 975
562 281 1551
111 112 1215
274 842 578
349 871 821
605 1386 514
193 1251 1092
339 582 1225
710 974 1284
217 943 576
234 752 1042
638 718 1307
235 792 619
233 866 688
391 688 866
516 899 1074
284 590 1028
110 1215 645
327 924 578
540 1557 1185
605 273 1272
387 974 710
306 671 1106
421 1106 671
717 1090 1412
103 1150 550
316 646 730
565 1020 365
796 1543 940
120 551 1152
441 727 1005
217 976 1565
282 557 859
276 837 966
378 983 597
226 713 657
616 1339 1200
285 1344 645
345 1150 799
561 265 857
260 556 1336
784 1170 1113
223 877 1116
260 1474 556
561 1098 265
323 743 649
326 614 1292
308 703 1111
703 473 1111
194 863 896
478 896 863
346 798 1152
106 107 1296
226 650 1544
264 1141 1045
379 904 795
417 787 840
237 840 787
851 628 1502
208 1386 716
539 1184 1578
32 634 33
294 1385 860
295 1202 667
299 624 980
384 980 624
291 878 663
381 663 878
217 576 1349
95 947 1003
554 1564 419
366 881 587
241 560 1096
204 643 1509
35 34 633
227 602 827
338 825 598
425 1063 1537
327 578 842
212 808 593
372 902 1210
821 871 1399
437 1065 751
304 1047 1541
282 1021 557
395 631 738
344 846 581
197 555 1004
540 994 1557
810 1530 1260
276 611 837
290 1311 604
33 634 1100
325 830 585
399 580 1135
479 848 1129
559 227 1363
288 796 940
562 768 1464
559 1190 227
486 629 1354
295 1354 629
20 691 21
395 579 1329
188 835 1398
137 138 715
135 918 1133
423 777 676
432 1007 972
214 574 1105
113 1552 926
463 966 837
307 650 1439
409 1180 586
344 1105 574
502 1112 819
243 1014 814
572 1280 771
50 1329 579
245 1315 849
316 705 1134
370 747 636
376 1034 780
272 913 969
330 1170 784
539 1578 992
352 679 1154
230 971 666
573 1526 1553
262 1074 899
131 763 1033
457 771 1280
202 895 611
363 611 895
344 574 1083
416 1125 1032
416 1032 831
530 820 1117
146 147 667
344 581 1105
244 816 1025
420 1052 1361
34 1100 633
420 1361 743
383 726 792
389 1032 637
325 585 953
353 617 1087
544 902 659
235 619 1473
259 1270 749
482 1058 645
207 1055 626
50 579 1062
376 848 1252
376 911 1034
211 1117 820
273 649 743
339 620 955
541 927 965
328 965 927
406 729 1192
607 1353 1188
223 573 1012
112 113 926
242 674 1026
274 578 1072
215 865 1399
417 1048 787
273 1361 1272
223 629 893
461 585 1128
347 581 993
605 1272 322
527 1094 821
258 821 1094
923 1146 1379
468 765 764
318 764 765
428 1186 663
538 749 1270
400 998 1532
392 1071 628
271 1180 602
409 602 1180
395 1299 579
298 651 1378
493 1378 651
20 988 691
493 651 908
225 600 868
255 1300 1065
469 768 767
315 767 768
458 975 984
209 850 1291
275 921 583
360 772 812
365 1020 583
363 837 611
81 676 887
232 652 762
455 1146 923
493 908 1120
339 1225 620
390 1022 633
364 875 745
472 745 875
28 987 29
787 1048 1400
398 773 680
406 1192 1045
297 1219 818
425 976 942
317 1410 755
283 1208 644
448 644 1208
280 1265 593
316 730 705
705 995 1134
384 1231 980
212 593 1118
504 1066 853
275 583 1020
4 55 1009
1075 1138 510
333 704 1007
16 781 961
515 1204 1271
314 913 592
364 1073 632
606 1246 928
197 1125 826
130 131 1033
472 875 890
242 890 875
353 801 1132
225 903 600
377 584 1024
203 1024 584
333 1007 706
215 1247 588
373 725 1124
201 1071 924
578 924 1071
589 755 1410
390 634 1029
295 629 813
211 999 590
366 587 1028
265 1355 596
107 1089 594
276 1239 611
202 611 1240
498 1405 654
205 654 1405
308 992 814
476 814 992
512 1260 1530
365 1044 608
4 1009 9
366 1028 590
334 810 1260
629 1012 813
254 819 1112
536 980 1231
364 632 875
242 875 632
224 884 668
6 596 1282
366 999 857
301 1026 674
369 615 1039
210 1464 768
324 791 790
443 790 791
378 597 1452
23 766 24
399 957 690
241 690 957
475 994 816
309 816 994
407 714 940
36 1188 1353
494 835 1207
338 758 669
588 796 1580
456 1003 947
302 985 597
549 1291 850
369 760 890
472 890 760
323 649 1086
456 814 1014
137 715 894
352 1154 826
102 103 905
229 646 1454
235 1473 669
280 761 1397
599 1397 761
321 1307 718
267 628 851
493 1352 1378
207 614 1261
281 612 1158
120 121 906
71 1039 615
517 1489 656
194 656 1489
373 1124 800
185 737 1131
380 705 730
124 125 724
504 853 1197
251 1138 670
436 670 1138
126 127 709
566 1346 1436
230 741 971
125 1320 724
503 1547 638
458 1025 816
505 617 1213
298 647 812
337 741 742
381 742 741
439 928 1246
28 1164 608
288 1580 796
744 1263 1269
348 676 777
227 1198 602
364 680 773
648 907 1108
360 647 868
225 868 647
271 602 1043
98 99 720
363 856 660
238 660 856
110 111 1215
517 1483 863
192 922 726
474 1385 901
521 1277 968
517 863 1489
462 628 1319
438 808 719
212 719 808
340 891 693
242 632 1440
639 693 1172
428 663 1113
392 685 1072
383 792 944
332 749 1203
150 1213 617
630 901 1385
301 697 1026
890 1334 1257
584 989 686
96 97 703
404 1119 612
288 940 609
16 961 17
383 1096 920
560 920 1096
190 839 885
440 885 839
282 1159 618
503 748 978
116 117 729
510 681 1075
369 890 1257
483 1315 1060
231 1049 804
507 783 1234
606 928 1403
332 1203 782
371 941 917
448 1076 715
313 715 1076
296 615 1037
300 620 1225
291 663 1186
78 655 1056
278 1375 700
540 1364 994
289 1488 721
346 1373 699
436 1075 860
236 727 1027
434 855 751
285 751 855
422 1269 1263
293 864 660
363 660 864
246 1204 706
90 960 612
391 889 688
433 688 889
401 618 1133
185 1131 1195
359 648 1460
598 825 1367
277 711 1080
445 1080 711
479 1130 1396
202 854 895
444 895 854
1071 1319 628
438 719 1051
304 1051 719
422 665 1269
297 622 1219
531 1383 852
278 700 1428
700 539 1428
568 1173 1330
385 691 988
661 1503 387
337 742 962
133 618 934
135 1133 134
299 1220 624
479 1396 848
369 1037 615
341 642 1444
558 764 1084
221 1367 825
363 895 856
444 856 895
589 788 1099
619 792 1567
550 1150 1375
386 1425 622
326 1388 614
318 1033 763
98 720 1326
219 1374 834
616 834 1374
289 1538 1488
384 624 1380
263 775 1140
499 1140 775
263 1419 775
562 1088 768
31 1330 1173
91 1011 960
582 817 1517
603 1565 976
303 613 1029
105 106 1296
524 1477 754
8 972 1007
447 1139 616
277 1245 711
222 1254 828
554 828 1254
484 1388 807
402 753 752
332 752 753
24 766 1394
344 874 684
432 706 1007
263 1216 1419
414 739 912
603 1439 657
148 801 1496
334 853 1066
231 902 1049
286 1120 908
352 623 954
56 57 951
26 1536 900
512 1107 737
148 149 801
536 1398 835
186 939 723
403 723 939
10 915 11
196 778 815
778 393 815
71 615 1358
341 1107 679
233 1396 1485
313 1402 715
399 626 957
508 1403 928
328 961 781
481 724 1320
285 645 1274
503 638 1307
87 88 952
534 820 819
335 819 820
213 638 1306
84 85 1242
346 653 870
206 1185 1557
345 869 654
283 1200 1339
368 1064 861
457 1049 771
372 771 1049
140 1010 644
150 617 1132
265 637 1574
368 1476 851
203 697 937
362 1336 1507
399 1157 626
207 626 1157
430 969 913
88 1119 952
217 1565 943
384 973 805
1081 446 1251
228 1227 769
298 1378 647
235 669 993
415 904 1027
342 1567 792
486 1161 629
297 818 1246
274 996 842
191 838 1127
613 658 1420
256 1234 783
331 1095 625
564 1212 948
398 680 1310
639 1207 836
218 1451 631
291 1018 665
388 665 1018
305 1103 641
485 1124 945
218 955 1451
242 1026 1334
395 970 672
87 952 1407
233 1485 824
208 1054 1276
662 896 1553
316 865 664
242 1440 674
205 1578 1184
353 1087 708
395 1175 631
269 1197 853
427 1277 641
26 900 27
554 1176 828
265 1098 637
389 637 1098
413 832 997
407 940 1543
838 1229 1127
388 847 678
35 633 1188
301 674 1531
228 636 1227
323 1086 1463
6 731 43
283 644 1200
356 841 1040
362 1507 815
301 1531 677
524 754 1411
351 1553 896
484 807 1290
563 1272 1361
231 659 902
306 631 1175
368 1576 1064
192 920 790
464 1001 1195
32 1173 634
473 1326 720
362 815 824
393 824 815
671 672 1490
364 1235 680
530 1209 820
421 671 1041
240 981 759
466 759 981
310 964 733
435 733 964
503 978 1437
136 137 894
356 1147 682
270 1466 662
273 1533 649
116 729 1101
309 994 1364
434 1300 648
80 81 887
361 695 885
284 948 1212
714 1275 940
374 802 776
566 1436 1000
640 943 1565
348 887 676
769 1227 1143
231 804 1073
448 1413 644
319 717 892
342 792 726
343 840 1229
361 885 886
440 886 885
386 931 1057
535 1057 931
1082 586 1545
409 1456 827
597 983 756
352 1079 707
140 644 1413
1075 436 1138
805 973 1405
489 1019 650
321 718 859
344 684 1581
306 1106 636
196 1366 698
358 1419 1089
840 1313 1229
74 75 745
454 1084 763
318 763 1084
527 1399 865
295 667 1354
633 1022 1365
257 1182 927
335 820 1209
523 870 1192
449 842 996
715 1402 894
48 672 970
48 1490 672
198 1061 833
477 833 1061
72 73 760
742 1348 962
224 668 1470
496 1470 668
620 1451 955
221 825 872
318 1495 1033
207 1261 1055
187 1249 845
427 641 1193
437 1215 926
354 670 898
320 652 1314
312 658 941
348 777 1471
330 822 711
47 671 1490
777 1085 1471
711 1245 1494
338 669 1473
296 1169 675
1073 804 1371
387 1013 974
188 651 1181
355 884 883
533 883 884
487 682 919
607 1365 1523
254 914 831
416 831 914
327 1114 642
453 960 1011
241 684 874
515 974 1013
512 1530 1107
638 1547 1053
196 888 778
778 888 396
302 756 1432
355 867 734
468 818 1219
208 716 1054
360 1301 855
145 1123 950
398 1056 655
357 977 1531
358 903 775
489 1268 1256
187 1312 1249
92 93 754
364 773 1073
360 868 1301
337 962 839
440 839 962
575 887 1488
110 645 1058
268 1172 1481
470 786 1121
260 1121 786
195 772 1068
677 1531 977
341 737 1107
398 655 1144
216 1465 673
205 1184 654
66 67 770
640 1248 1163
359 701 858
619 825 1473
338 1473 825
78 1309 655
254 1250 819
534 819 1250
334 746 1190
451 1305 1232
244 1303 816
570 1224 1276
451 966 1305
298 1505 651
76 680 1235
339 955 803
522 1216 869
291 1186 1018
627 1018 1186
444 854 721
234 997 832
88 89 1119
184 687 1002
525 1002 687
434 648 1108
199 1284 974
420 1163 1248
243 814 1302
336 774 879
306 1175 672
40 1549 779
607 1523 967
227 827 802
188 1398 651
312 1365 1022
312 1022 658
272 1194 829
514 829 1194
621 1427 986
580 690 939
232 1093 652
229 929 730
375 776 802
264 1192 870
668 884 1067
498 654 1288
359 1217 701
610 1431 853
269 853 1431
127 975 709
526 1025 984
458 984 1025
623 1497 1577
230 666 1475
104 105 799
395 672 1175
154 852 1517
542 1130 912
269 912 1130
118 119 798
201 1319 1071
428 1170 1187
1072 685 1393
221 693 891
436 1222 670
236 728 847
251 670 1426
564 1293 921
822 1390 1284
189 945 1124
402 812 772
249 1031 986
19 683 988
418 1314 1449
405 1555 675
381 1520 663
283 901 1208
549 1208 901
210 1436 1346
601 1523 941
321 748 1307
503 1307 748
192 726 920
383 920 726
60 61 811
315 754 1477
294 681 959
329 876 1511
404 991 952
495 952 991
571 673 1050
511 756 1196
184 1196 756
353 1161 801
486 801 1161
621 986 1453
231 1324 659
289 659 1144
329 808 1486
13 12 841
334 1190 810
260 1336 739
187 1492 681
293 660 1258
238 1259 660
329 882 761
424 1077 985
358 1089 843
118 798 1422
244 1025 765
565 900 1536
370 692 1522
195 1068 1108
427 823 1559
652 1449 1314
547 1276 1054
639 1172 1429
260 786 1474
524 1003 1014
456 1014 1003
191 677 977
523 1422 798
406 1101 729
427 1559 1298
582 1517 852
351 1137 813
421 704 1143
333 1143 704
420 744 1052
182 1052 744
614 964 1292
310 1292 964
451 1285 829
703 1326 473
243 767 1014
364 745 1235
697 1323 459
203 1323 697
512 737 1369
185 1369 737
383 944 684
154 155 852
502 1333 691
266 1154 679
147 1201 667
353 708 893
292 1298 661
615 675 1358
354 1483 670
233 824 866
393 866 824
40 779 1493
70 675 1555
559 1415 810
266 810 1415
146 667 1123
663 1520 1113
263 869 1216
196 1507 1366
81 1515 676
136 894 1441
700 654 1184
232 686 989
405 675 1169
96 703 947
325 953 735
356 682 1458
487 1458 682
455 750 1146
388 1283 665
699 1185 653
249 986 1427
305 692 1103
470 685 1404
222 1404 685
648 1300 1443
423 676 1515
304 719 1047
203 937 689
406 1045 668
408 997 1042
403 939 690
3 1167 100
375 802 827
507 1430 783
309 1364 709
481 709 1364
15 14 933
471 766 1209
335 1209 766
401 918 981
466 981 918
97 1326 703
378 1016 687
406 668 1067
369 1039 760
948 1392 1575
3 101 1167
7 1211 156
43 731 1082
510 1532 1230
70 1358 675
2 123 1171
510 938 1532
350 757 925
221 1546 693
65 1241 1069
6 42 881
2 1171 122
354 862 863
478 863 862
235 944 792
7 51 1211
318 1084 764
236 904 728
379 728 904
695 641 1569
152 153 817
41 1325 42
790 920 1468
377 1453 986
328 781 1153
460 1153 781
208 1276 1224
378 687 983
184 983 687
511 1432 756
315 768 1088
259 1372 858
296 1037 696
11 1040 12
739 1223 912
182 1269 1283
323 1163 743
481 1320 709
127 128 975
367 956 698
548 1493 779
348 1488 887
567 1038 1573
230 1113 1520
247 844 1109
506 1109 844
409 1082 731
595 1463 1086
21 691 1333
665 1283 1269
803 1461 1450
77 78 1056
501 1182 683
397 995 735
193 735 995
335 766 1484
314 723 1183
416 1497 1125
260 739 1091
414 1091 739
591 1511 876
268 1429 1172
339 803 1450
430 1233 969
765 1025 1495
380 730 929
430 1151 1233
382 833 1043
235 846 944
224 1217 884
533 884 1217
501 927 1182
191 1127 677
266 679 1107
308 1322 703
683 1500 988
385 988 1500
202 712 1210
358 843 1142
482 1142 843
301 677 1368
471 1394 766
294 1075 681
23 946 766
135 136 1441
388 678 1283
183 882 755
577 1236 962
440 962 1236
235 993 846
309 709 1342
347 1099 788
35 1188 36
193 705 978
594 1089 1419
380 978 705
135 1441 918
241 1096 684
623 1577 954
305 1498 692
352 954 1079
370 1522 747
203 689 1024
423 1097 694
337 971 741
220 1293 917
564 917 1293
435 702 1258
293 1258 702
126 709 1320
383 684 1096
621 1453 689
502 691 1112
525 687 1447
76 1310 680
31 1173 32
342 726 922
452 1284 1390
259 1462 800
255 1443 1300
395 1329 970
401 1133 918
423 1267 777
495 991 807
239 807 991
634 1362 1029
463 837 864
193 995 705
265 1574 776
232 989 722
551 1295 1373
398 1310 1056
767 1477 1014
8 1007 704
308 1111 992
539 992 1111
589 1580 788
288 788 1580
314 1183 1384
534 1370 820
211 820 1370
355 734 1067
406 1067 734
376 780 1129
697 459 1026
6 1282 731
83 694 1097
476 1302 814
450 950 1123
825 1567 872
209 1525 850
537 811 1078
475 816 1303
93 1411 754
95 96 947
535 931 1145
523 729 1422
361 1446 695
682 1350 919
144 145 950
472 1345 745
365 740 1044
185 1195 1001
447 774 1139
336 1139 774
363 864 837
813 1137 1524
537 861 1510
393 897 866
623 1125 1497
58 59 861
502 819 1484
470 1393 685
265 776 1355
448 715 1156
452 1338 710
292 710 1338
226 1165 713
708 431 1199
284 1392 948
385 909 914
416 914 909
421 1041 704
354 863 1483
259 858 1462
222 685 1254
370 1103 692
286 908 1231
536 1231 908
445 711 1423
305 695 1070
216 965 1465
373 1462 701
232 1168 686
296 686 1169
532 926 1552
326 807 1388
194 1489 863
485 1270 800
259 800 1270
16 1328 781
71 72 1039
310 1266 694
423 694 1266
319 1030 736
303 1029 1362
666 971 1518
521 1518 971
377 986 722
439 1306 1053
638 1053 1306
407 1583 714
199 822 1284
397 735 953
257 909 1500
74 745 1345
268 1481 1017
377 722 989
474 860 1385
399 1135 702
293 702 1135
301 1191 697
382 746 1066
418 698 1160
386 1057 806
433 1252 688
397 953 1094
472 760 1345
150 151 1213
302 689 1297
351 813 1012
631 1451 738
629 1161 893
379 795 1126
39 1549 40
115 1101 734
8 704 1459
299 835 1255
494 1255 835
320 783 1430
373 1059 725
138 1156 715
697 1191 937
527 821 1399
227 802 1363
420 743 1163
202 1240 712
426 712 1240
229 1454 876
591 876 1454
455 1264 750
200 750 1264
94 95 1003
145 146 1123
399 702 1157
498 1337 805
286 805 1337
588 1247 796
257 1500 1182
49 1329 50
147 148 1201
198 780 1061
410 1061 780
378 1452 787
227 1190 746
450 1109 950
506 950 1109
462 919 1350
117 1422 729
550 1294 905
22 946 23
551 906 1295
719 1521 1047
216 707 1079
529 1579 898
15 933 1328
766 946 1484
414 1431 1478
432 1376 880
193 978 748
702 1340 1157
252 708 1087
379 1054 716
73 1345 760
72 760 1039
536 835 980
257 927 1577
279 699 1373
345 700 1375
428 1113 1170
373 732 1059
367 698 1366
485 800 1124
699 540 1185
75 76 1235
12 1040 841
700 1184 539
230 1475 784
653 1185 1448
1 1330 31
188 836 1207
276 809 1239
91 92 1011
207 1157 1340
931 1514 1145
253 1350 1147
682 1147 1350
324 1304 1055
1055 1304 626
488 720 1332
433 889 1002
184 1002 889
238 1085 777
528 845 1357
1069 1241 507
62 757 1148
140 141 1010
153 1517 817
224 701 1217
395 738 1299
381 741 1520
343 1027 727
490 1327 724
226 742 1165
359 1460 1217
343 838 1027
415 1027 838
108 843 1089
251 938 1138
510 1138 938
332 1042 752
435 1340 702
333 706 1204
232 722 1093
396 1093 722
184 756 983
391 866 897
750 1568 1146
311 1263 744
575 1433 887
641 1277 1569
227 746 1198
330 711 1494
86 1407 793
367 786 949
775 903 1308
464 1195 996
577 1019 1236
270 1236 1019
500 1505 785
564 948 917
108 1519 843
571 1050 1343
198 833 1177
325 735 1092
90 91 960
224 1470 732
496 732 1470
61 1148 811
254 1112 914
92 754 1011
128 129 984
1 30 1330
355 1067 884
182 744 1269
212 782 1203
321 859 1081
99 1332 720
45 972 8
351 896 1137
478 1137 896
278 1317 1294
463 864 1166
662 1256 896
131 1238 763
57 58 1064
15 1328 16
406 734 1101
211 1370 999
372 712 1434
360 855 1068
434 1068 855
107 108 1089
394 736 1030
307 1537 1268
206 990 806
513 803 955
344 1083 874
195 1108 907
581 846 993
413 1367 891
212 1521 719
218 1499 955
152 817 1316
245 794 1060
407 1060 794
459 1323 1257
696 1257 1323
124 724 1327
332 782 1042
426 1178 712
412 1036 1006
669 1539 993
347 993 1539
331 714 1583
785 1505 1542
410 1035 1061
252 1347 708
480 929 1102
229 1102 929
708 1347 431
108 109 1519
435 1259 733
238 733 1259
257 1577 1497
439 1246 818
372 1210 712
86 793 1206
387 769 1013
410 780 1034
382 1066 1177
19 988 20
422 713 1387
695 1569 885
293 1166 864
236 847 1005
403 1183 723
461 959 1214
528 1214 959
452 710 1284
562 1464 717
622 1303 1381
132 133 934
198 1177 1155
333 1013 769
114 867 1552
422 1263 713
214 1275 714
432 1174 1376
206 1448 1185
624 1382 1302
953 1435 1094
568 1529 1362
289 721 1389
189 1124 725
343 727 1110
558 1417 718
537 1510 811
398 1324 773
523 1192 729
113 114 1552
404 952 1119
312 941 1523
430 1095 1151
205 1405 973
86 87 1407
474 901 1339
413 1149 1367
281 717 1412
334 1066 746
59 1510 861
473 720 1317
480 930 929
380 929 930
481 1391 724
386 806 990
46 8 1459
470 1404 786
626 1304 957
650 1019 1544
350 1176 757
419 757 1176
262 1343 1050
616 1139 834
525 1162 1002
433 1002 1162
413 997 932
245 1379 1146
238 856 1085
64 65 1069
561 999 1370
480 1051 873
304 873 1051
778 396 1031
65 66 1241
325 1092 789
384 805 1231
300 1299 738
47 1490 48
139 140 1413
228 769 1503
188 1181 836
408 782 1118
212 1118 782
468 1381 765
244 765 1381
60 811 1510
75 1235 745
518 1481 1172
922 394 1136
50 1062 51
681 1492 959
833 1253 1043
119 120 1152
419 811 1148
469 767 1382
243 1382 767
299 980 835
103 104 1150
305 1070 797
431 797 1070
495 1407 952
408 1042 782
516 1480 841
272 829 1285
232 762 1168
464 1121 1091
568 987 1529
484 1055 1261
574 1384 1183
526 1495 1025
656 1268 1537
69 70 1555
115 116 1101
477 1061 1035
48 970 49
591 755 1511
81 82 1515
442 1077 979
817 1450 1316
360 1068 772
5 36 1353
5 1353 37
711 822 1423
444 721 1471
670 1222 898
61 62 1148
183 1099 758
256 783 1160
418 1160 783
322 1582 728
341 1131 737
328 1153 965
509 965 1153
85 86 1206
441 1561 727
231 1073 773
391 1196 889
307 1439 976
603 976 1439
535 725 1406
528 959 1492
329 1486 876
625 1331 1384
148 1496 1201
443 791 1221
239 1221 791
419 1148 757
240 789 1226
446 1226 789
249 1289 897
375 1456 731
548 1575 1392
457 804 1049
1078 1476 537
215 871 1247
483 1247 871
389 1250 831
391 1289 1196
204 1455 1187
443 1228 790
192 790 1228
142 774 1318
197 1032 1125
381 1165 742
144 950 1438
131 132 1238
374 1363 802
261 771 1434
577 1544 1019
538 1047 1521
531 1062 1383
1062 579 1383
293 1135 1166
580 1166 1135
351 1012 1553
531 852 1491
305 797 1498
513 1498 797
410 935 963
412 963 935
375 731 1282
349 845 1249
417 1561 958
409 731 1456
447 1318 774
209 1128 830
585 830 1128
200 1151 750
388 1005 847
471 1341 936
319 736 1572
349 1249 849
412 935 1036
310 733 1266
238 1267 733
499 775 1308
266 1415 1154
524 1014 1477
240 759 1278
561 857 999
519 915 1015
411 1015 915
79 1309 78
610 1260 1369
250 1547 930
446 789 1092
557 1081 859
192 1228 736
371 917 948
379 1126 1054
432 972 1174
586 1174 972
311 744 1248
420 1248 744
13 841 1480
499 1120 1337
389 831 1032
438 1102 876
229 876 1102
244 1381 1303
285 1274 751
437 751 1274
347 1539 1099
362 1223 739
653 1448 1287
243 1302 1382
554 1254 982
231 773 1324
570 1276 809
496 1401 732
549 850 1076
313 1076 850
253 1015 1273
33 1100 34
419 1078 811
382 1198 746
228 1503 1559
619 1567 825
445 1006 1036
251 1008 938
230 1520 741
315 1421 754
405 1038 1555
570 829 1224
454 763 1238
580 939 1482
372 1434 771
333 769 1143
538 1203 749
645 1215 1274
437 1274 1215
253 1147 1015
519 1015 1147
230 784 1113
343 1110 840
417 840 1110
759 1516 1278
1081 557 1226
1081 1226 446
497 1448 806
206 806 1448
528 1492 845
187 845 1492
380 1437 978
336 879 1560
709 975 1342
390 1029 1420
239 1290 807
68 69 1038
610 1478 1431
613 1420 1029
190 885 1569
331 1568 750
155 1491 852
198 1129 780
252 1087 1461
277 1016 1245
543 1245 1016
1076 1208 549
1076 448 1208
313 759 1402
466 1402 759
583 921 1293
362 739 1336
504 1177 1066
620 738 1451
846 1581 944
248 1034 911
195 1571 753
193 748 1251
226 1348 742
542 1485 1396
234 1501 785
500 785 1501
469 1436 768
210 768 1436
186 1482 939
109 110 1058
273 743 1361
417 1110 1561
405 1573 1038
464 1091 1001
402 785 1542
1069 507 1234
1069 1234 552
194 896 1256
443 1221 1090
553 1090 1221
708 1199 893
553 1412 1090
492 1278 1516
703 1322 947
182 1283 1534
637 1004 1574
261 1126 795
434 751 1300
271 1174 1180
586 1180 1174
404 1281 991
571 1343 1243
439 1053 928
250 928 1053
24 1394 25
400 938 1008
778 1535 393
627 1187 1455
669 758 1539
701 1462 858
426 1239 809
576 943 1463
323 1463 943
418 1449 888
981 1286 401
400 1008 942
255 883 1443
533 1443 883
460 781 1328
256 910 1234
552 1234 910
246 880 1035
477 1035 880
567 1573 762
371 1575 779
548 779 1575
361 886 1116
509 1050 1465
673 1465 1050
143 144 1438
245 1146 794
149 1132 801
238 777 1267
1068 434 1108
335 1484 819
313 1516 759
66 770 1241
531 1211 1062
400 942 1349
471 1218 1341
410 963 1035
526 1033 1495
190 1569 1277
404 1023 1281
149 150 1132
610 853 1260
398 1144 1324
659 1324 1144
51 1062 1211
930 1547 1437
374 1574 1004
540 1115 1364
58 861 1064
325 1424 830
492 830 1424
491 1017 1030
394 1030 1017
104 799 1150
119 1152 798
565 1341 1020
275 1020 1341
575 1488 1538
284 1028 1392
587 1392 1028
353 893 1161
402 1542 812
640 1163 943
320 1430 770
410 1034 935
502 946 1333
249 897 1535
82 83 1097
408 932 997
401 1286 1021
283 1339 901
43 1082 44
331 1583 794
473 1428 1111
403 874 1083
721 854 1389
308 814 1322
456 1322 814
279 1295 1391
314 1384 1331
576 1416 998
290 998 1416
497 1287 1448
418 783 1314
141 142 1318
444 1085 856
201 1243 919
487 919 1243
394 1481 1136
532 1065 926
318 765 1495
370 823 1193
427 1193 823
213 1487 764
473 1317 1428
449 1114 842
327 842 1114
468 764 1487
786 1404 949
70 71 1358
279 1373 1295
143 1438 879
142 1562 774
560 1468 920
315 1477 767
387 1503 769
400 1349 998
374 776 1574
556 1507 1336
425 942 1008
1078 419 1564
199 974 1179
687 1016 1447
447 1200 1010
644 1010 1200
512 1369 1260
405 1169 1168
686 1168 1169
375 1355 776
372 1049 902
320 1314 783
491 892 1346
210 1346 892
274 1104 996
464 996 1104
636 1106 1227
446 1092 1251
309 1342 816
458 816 1342
240 1278 789
329 1511 882
678 1534 1283
654 869 1288
358 775 1419
653 1287 870
555 826 1154
336 834 1139
559 810 1190
1071 392 1072
1071 1072 578
483 796 1247
601 779 1549
330 784 1390
452 1390 784
252 803 1570
513 1570 803
239 791 1290
460 1328 933
518 872 1136
342 1136 872
249 1427 1289
251 1063 1008
499 1308 1352
253 1273 1566
635 1137 1395
478 1395 1137
359 858 1372
37 1513 38
497 806 1556
389 1377 1250
449 1195 1131
286 1231 805
63 64 1563
260 1091 1121
199 1423 822
755 882 1511
350 828 1176
411 1469 951
22 1333 946
138 139 1156
204 1048 958
248 935 1034
543 1400 1048
442 1127 1229
248 1036 935
199 1179 1006
374 1004 1409
555 1409 1004
280 1397 1149
529 844 1445
541 1079 954
354 898 1579
495 793 1407
411 915 1408
495 1528 793
326 793 1528
465 1046 1194
514 1194 1046
437 926 1065
487 1343 899
262 899 1343
25 1394 936
382 1177 833
655 1538 1144
538 1270 1047
485 1047 1270
556 1366 1507
452 784 1475
454 934 1159
618 1159 934
518 1172 1546
693 1546 1172
27 1164 28
209 1291 1457
378 787 1400
438 1051 1102
480 1102 1051
500 836 1181
40 1493 41
516 1074 933
460 933 1074
651 1398 908
431 1347 797
459 1334 1026
246 1035 963
486 1496 801
505 1450 1461
547 809 1276
728 1582 847
325 789 1424
367 1474 786
324 1467 791
375 827 1456
38 1472 39
237 787 1452
571 1243 924
411 1009 1469
1077 442 1313
459 1257 1334
573 1553 1012
415 838 1205
361 1116 877
316 1134 865
324 790 1468
407 794 1583
474 1374 860
219 860 1374
339 1450 817
331 794 1568
340 836 1506
500 1506 836
285 855 1301
264 1045 1192
417 958 1048
541 1577 927
477 880 1376
514 1224 829
483 1543 796
467 1379 849
245 849 1379
349 849 1315
509 1465 965
423 1515 1097
191 1205 838
439 818 1306
213 1306 818
506 1438 950
513 797 1570
249 1535 1031
357 1371 804
499 1352 1120
477 1253 833
44 1082 1545
45 1545 972
586 972 1545
282 1417 1554
438 1486 808
1057 1556 806
563 1361 1052
602 1198 1043
382 1043 1198
254 831 1250
555 1154 1415
123 124 1327
99 100 1332
25 1536 26
487 1243 1343
343 1229 838
359 1372 907
280 1149 932
312 1523 1365
373 800 1462
482 1344 1142
600 1142 1344
285 1301 1344
611 1239 1240
426 1240 1239
498 805 1405
718 1417 859
237 1313 840
491 1189 1017
268 1017 1189
445 1036 1262
247 1395 862
478 862 1395
219 1222 860
436 860 1222
277 1447 1016
595 1086 1264
200 1264 1086
252 1461 803
64 1069 1563
281 1412 1023
553 1023 1412
424 937 1191
212 1203 1521
453 1158 960
612 960 1158
246 963 1271
442 1229 1313
1070 695 1446
630 1457 1291
298 1542 1505
416 909 1497
598 1149 1397
495 807 1528
326 1528 807
247 1445 844
289 1144 1538
516 933 1480
463 1166 1482
513 955 1499
429 921 1122
275 1122 921
349 1315 871
424 1297 937
467 849 1249
627 1455 1351
482 843 1519
424 979 1077
698 956 1160
651 1505 1181
393 1535 897
504 1155 1177
151 152 1316
358 1142 903
600 903 1142
258 1357 821
411 1408 1009
22 21 1333
717 1464 892
272 969 1194
465 1194 969
10 9 1408
334 1260 853
76 77 1310
1080 445 1262
266 1530 810
298 812 1542
274 1072 1393
661 1559 1503
17 1360 18
126 1320 125
466 1441 894
27 900 1164
425 1008 1063
530 1122 1218
301 979 1191
280 932 1265
129 130 1479
330 1390 822
448 1156 1413
460 1237 1153
286 1337 1120
295 813 1524
30 29 1442
63 1563 925
121 122 1356
97 98 1326
561 1377 1098
101 102 1359
196 815 1507
248 911 1162
433 1162 911
223 1199 877
431 877 1199
247 1512 1395
389 1098 1377
546 1571 907
195 907 1571
73 74 1345
381 878 1387
468 1487 818
275 1218 1122
213 818 1487
414 912 1431
492 1525 830
209 830 1525
518 1546 872
221 872 1546
922 1136 342
80 887 1433
515 1179 974
424 985 1297
184 889 1196
240 1226 1286
488 1359 905
414 1001 1091
117 118 1422
362 824 1485
228 1559 823
490 906 1356
223 893 1199
543 1016 1400
378 1400 1016
525 1262 1162
262 1050 1237
509 1237 1050
511 1196 1289
14 1480 933
55 56 1469
604 1312 1230
187 1230 1312
13 1480 14
340 1506 832
299 1255 1000
566 1000 1255
234 832 1501
463 1482 1305
595 1264 1244
455 1244 1264
542 1396 1130
606 1403 1145
189 1145 1403
454 1238 934
413 932 1149
263 1288 869
264 870 1287
492 1516 850
313 850 1516
270 886 1236
440 1236 886
522 1296 1216
594 1216 1296
292 968 1298
600 1344 1301
396 888 1449
93 94 1411
600 1301 868
524 1411 1003
431 1446 877
268 1189 1504
233 848 1396
79 80 1433
219 898 1222
499 1337 1140
527 865 1540
451 1232 1285
592 1285 1232
455 923 1244
290 1244 923
496 1141 1335
433 911 1252
155 156 1491
397 1134 995
625 1095 1331
430 913 1331
368 851 1502
483 871 1315
239 1281 1221
153 154 1517
544 1389 854
467 1311 923
290 923 1311
142 143 1562
630 1291 901
494 1207 1429
639 1429 1207
435 964 1340
465 1508 1533
505 1316 1450
59 60 1510
572 1205 1280
191 1280 1205
557 1286 1226
542 912 1223
508 945 1403
189 1403 945
488 905 1294
490 1295 906
323 943 1163
421 1143 1227
256 1160 956
506 844 1560
336 1560 844
201 919 1319
462 1319 919
94 1003 1411
423 1266 1267
733 1267 1266
408 1265 932
214 1105 1418
581 1418 1105
447 1010 1318
267 851 1476
307 976 1537
467 1249 1312
515 1271 1179
132 934 1238
344 1581 846
267 1476 1078
678 847 1582
643 1170 1494
330 1494 1170
391 897 1289
492 850 1525
532 1552 867
469 1220 1000
299 1000 1220
282 1554 1159
576 998 1349
303 1529 1044
608 1044 1529
549 901 1291
414 1478 1001
438 876 1486
553 1221 1281
520 1273 951
411 951 1273
282 859 1417
376 1252 911
508 873 1541
304 1541 873
489 1256 1466
662 1466 1256
248 1162 1262
44 1545 45
533 1217 1460
25 936 1536
453 1011 1421
38 1513 967
268 1504 1429
594 1419 1216
242 1334 890
333 1204 1013
577 962 1348
520 1064 1576
215 1399 871
281 1158 1551
627 1351 1018
253 916 1350
462 1350 916
225 1308 903
509 1153 1237
247 862 1445
464 1104 1121
470 1121 1104
641 1103 1193
506 879 1438
267 1564 982
554 982 1564
441 1351 1455
388 1351 1005
689 937 1297
201 924 1243
461 1279 959
294 959 1279
547 1054 1126
424 1191 979
294 1279 1385
630 1385 1279
526 984 1479
466 894 1402
601 1472 967
422 1387 878
442 979 1368
388 1018 1351
221 891 1367
403 1083 1183
354 1579 862
384 1380 973
487 899 1458
356 1458 899
609 940 1275
204 958 1455
1074 1237 460
314 1331 913
261 1434 1178
386 990 1425
1069 552 1563
46 1459 1041
607 967 1513
199 1006 1423
491 1346 1189
566 1189 1346
266 1107 1530
480 873 1548
240 1286 981
121 1356 906
530 1117 1122
102 905 1359
276 966 1321
412 1006 1179
496 1335 1401
449 1444 1114
361 877 1446
465 969 1233
774 1562 879
778 1031 1535
443 1090 1572
506 1560 879
449 996 1195
565 936 1341
546 907 1372
342 872 1567
635 1395 1512
270 1526 886
129 1479 984
762 1573 1168
449 1131 1444
721 1488 1471
348 1471 1488
508 1550 873
622 1381 1219
412 1271 963
429 1122 1117
200 1233 1151
453 1421 1088
412 1179 1271
239 991 1281
501 1360 961
535 1406 1057
287 1057 1406
534 1250 1377
548 1392 1325
587 1325 1392
624 1220 1382
536 908 1398
479 1155 1197
457 1280 977
191 977 1280
471 936 1394
427 968 1277
456 947 1322
476 973 1380
470 1104 1393
210 892 1464
515 1013 1204
427 1298 968
17 961 1360
466 918 1441
292 1518 968
521 968 1518
143 879 1562
186 1232 1305
463 1305 966
504 1197 1155
601 967 1523
471 1209 1218
530 1218 1209
458 1342 975
684 944 1581
204 1509 1048
269 1431 912
10 1408 915
368 1502 916
451 1321 966
467 923 1379
297 1514 931
217 1349 942
1080 1262 525
49 970 1329
634 1173 1362
574 1183 1083
302 1297 985
182 1534 1052
563 1052 1534
477 1376 1253
369 1257 1037
696 1037 1257
479 1129 1155
198 1155 1129
257 1497 909
1059 732 1401
287 1059 1401
385 1500 909
443 1572 1228
543 1509 1245
643 1245 1509
9 1009 1408
633 1365 1188
475 1425 990
411 1273 1015
474 1339 1374
616 1374 1339
38 967 1472
643 1494 1245
430 1331 1095
29 987 1442
661 1298 1559
435 1258 1259
660 1259 1258
635 1202 1524
295 1524 1202
543 1048 1509
248 1262 1036
666 1518 1338
292 1338 1518
370 1193 1103
557 1021 1286
553 1281 1023
462 916 1502
408 1118 1265
380 930 1437
271 1043 1253
486 1354 1201
667 1201 1354
303 1362 1529
301 1368 979
479 1197 1130
565 1536 936
428 1187 1186
627 1186 1187
222 949 1404
886 1526 1116
614 1388 1261
141 1318 1010
502 1484 946
518 1136 1481
262 1237 1074
396 1449 1093
508 928 1550
250 1550 928
252 1570 1347
797 1347 1570
214 1418 1275
609 1275 1418
598 1367 1149
480 1548 930
237 1077 1313
442 1368 1127
368 916 1576
568 1442 987
130 1033 1479
552 925 1563
253 1566 916
1070 1446 431
649 1533 1508
206 1557 990
100 1167 1332
269 1130 1197
585 1435 953
55 1469 1009
441 1005 1351
123 1327 1171
488 1167 1359
490 1356 1171
421 1227 1106
247 1109 1512
251 1426 1063
517 1063 1426
465 1233 1508
381 1387 1165
754 1421 1011
311 1248 1527
640 1527 1248
441 1455 958
225 1352 1308
405 1168 1573
453 1088 1551
562 1551 1088
56 951 1469
713 1165 1387
250 930 1548
77 1056 1310
635 1524 1137
481 1115 1391
454 1554 1084
558 1084 1554
476 1578 973
273 1046 1533
400 1532 938
277 1080 1447
1080 525 1447
677 1127 1368
593 1265 1118
275 1341 1218
185 1001 1478
390 1420 1022
658 1022 1420
508 1541 945
263 1140 1288
498 1288 1140
264 1287 1141
497 1141 1287
482 1519 1058
575 1538 1309
655 1309 1538
475 990 1557
476 992 1578
558 1554 1417
608 1529 987
469 1000 1436
371 948 1575
475 1557 994
579 1299 1383
300 1383 1299
445 1423 1006
441 958 1561
541 954 1577
607 1513 1353
758 1099 1539
490 1171 1327
604 1230 1532
632 1371 1440
357 1440 1371
425 1537 976
450 1512 1109
444 1471 1085
538 1521 1203
270 1019 1466
209 1457 1128
205 973 1578
488 1332 1167
467 1312 1311
604 1311 1312
377 1024 1453
689 1453 1024
497 1556 1335
1073 1371 632
511 1289 1427
865 1134 1540
568 1362 1173
1059 1406 725
483 1060 1543
526 1479 1033
324 1055 1467
606 1514 1246
297 1246 1514
577 1348 1544
607 1188 1365
489 1466 1019
575 1309 1433
151 1316 1213
531 1491 1211
287 1406 1059
1213 1316 505
493 1120 1352
218 1522 1499
692 1499 1522
287 1556 1057
394 1017 1481
497 1335 1141
498 1140 1337
461 1128 1457
122 1171 1356
481 1364 1115
109 1058 1519
101 1359 1167
704 1041 1459
528 1357 1214
258 1214 1357
271 1376 1174
79 1433 1309
200 1086 1508
274 1393 1104
484 1467 1055
315 1088 1421
156 1211 1491
476 1380 1302
341 1444 1131
450 1202 1512
279 1391 1115
357 1531 1440
674 1440 1531
258 1094 1435
69 1555 1038
652 1093 1449
568 1330 1442
539 1111 1428
475 1303 1425
465 1533 1046
621 1432 1427
511 1427 1432
139 1413 1156
642 1114 1444
548 1325 1493
514 1386 1224
397 1094 1540
527 1540 1094
250 1053 1547
649 1508 1086
82 1097 1515
407 1543 1060
461 1457 1279
727 1561 1110
375 1282 1355
580 1482 1166
278 1428 1317
468 1219 1381
596 1355 1282
469 1382 1220
494 1504 1255
566 1255 1504
30 1442 1330
588 1580 1410
271 1253 1376
507 1241 1430
770 1430 1241
208 1224 1386
319 1572 1090
267 1078 1564
712 1178 1434
595 1244 1416
37 1353 1513
484 1261 1388
486 1201 1496
794 1146 1568
624 1302 1380
324 1468 1304
560 1304 1468
573 1116 1526
200 1508 1233
226 1544 1348
287 1401 1335
317 1414 1410
588 1410 1414
290 1416 1244
561 1370 1377
789 1278 1424
492 1424 1278
606 1145 1514
452 1475 1338
666 1338 1475
683 1182 1500
534 1377 1370
374 1409 1363
559 1363 1409
397 1540 1134
595 1416 1463
500 1181 1505
622 1425 1303
566 1504 1189
520 1566 1273
670 1483 1426
503 1437 1547
453 1551 1158
185 1478 1369
576 1463 1416
678 1582 1558
454 1159 1554
362 1485 1223
484 1290 1467
542 1223 1485
635 1512 1202
630 1279 1457
791 1467 1290
322 1272 1558
563 1558 1272
322 1558 1582
559 1409 1415
555 1415 1409
513 1499 1498
692 1498 1499
186 1305 1482
41 1493 1325
367 1366 1474
556 1474 1366
1443 1460 648
736 1228 1572
610 1369 1478
1443 533 1460
517 1426 1483
287 1335 1556
494 1429 1504
873 1550 1548
250 1548 1550
601 1549 1472
862 1579 1445
832 1506 1501
500 1501 1506
589 1410 1580
640 1565 1527
529 1445 1579
678 1558 1534
39 1472 1549
563 1534 1558
603 1527 1565
916 1566 1576
520 1576 1566
