509
-0.500000000 -0.500000000
-0.500000000 -0.450000000
-0.500000000 -0.400000000
-0.500000000 -0.350000000
-0.500000000 -0.300000000
-0.500000000 -0.250000000
-0.500000000 -0.200000000
-0.500000000 -0.150000000
-0.500000000 -0.100000000
-0.500000000 -0.050000000
-0.500000000 0.000000000
-0.500000000 0.050000000
-0.500000000 0.100000000
-0.500000000 0.150000000
-0.500000000 0.200000000
-0.500000000 0.250000000
-0.500000000 0.300000000
-0.500000000 0.350000000
-0.500000000 0.400000000
-0.500000000 0.450000000
-0.500000000 0.500000000
-0.450000000 -0.500000000
-0.450000000 0.500000000
-0.400000000 -0.500000000
-0.400000000 0.500000000
-0.350000000 -0.500000000
-0.350000000 0.500000000
-0.300000000 -0.500000000
-0.300000000 0.500000000
-0.250000000 -0.500000000
-0.250000000 0.500000000
-0.200000000 -0.500000000
-0.200000000 0.500000000
-0.150000000 -0.500000000
-0.150000000 0.500000000
-0.100000000 -0.500000000
-0.100000000 0.500000000
-0.050000000 -0.500000000
-0.050000000 0.500000000
0.000000000 -0.500000000
0.000000000 0.500000000
0.050000000 -0.500000000
0.050000000 0.500000000
0.100000000 -0.500000000
0.100000000 0.500000000
0.150000000 -0.500000000
0.150000000 0.500000000
0.200000000 -0.500000000
0.200000000 0.500000000
0.250000000 -0.500000000
0.250000000 0.500000000
0.300000000 -0.500000000
0.300000000 0.500000000
0.350000000 -0.500000000
0.350000000 0.500000000
0.400000000 -0.500000000
0.400000000 0.500000000
0.450000000 -0.500000000
0.450000000 0.500000000
0.500000000 -0.500000000
0.500000000 -0.450000000
0.500000000 -0.400000000
0.500000000 -0.350000000
0.500000000 -0.300000000
0.500000000 -0.250000000
0.500000000 -0.200000000
0.500000000 -0.150000000
0.500000000 -0.100000000
0.500000000 -0.050000000
0.500000000 0.000000000
0.500000000 0.050000000
0.500000000 0.100000000
0.500000000 0.150000000
0.500000000 0.200000000
0.500000000 0.250000000
0.500000000 0.300000000
0.500000000 0.350000000
0.500000000 0.400000000
0.500000000 0.450000000
0.500000000 0.500000000
-0.462446262 -0.186599521
-0.462370065 0.162510976
-0.462387846 -0.459309655
-0.461325065 -0.370684734
-0.461248221 -0.277557093
-0.462365525 -0.114075603
-0.461231330 -0.022640729
-0.461188002 0.071443413
-0.462191002 0.236371907
-0.460935419 0.327953182
-0.460808911 0.420752294
-0.450456603 -0.415193184
-0.451181998 -0.324328642
-0.450656032 -0.232504854
-0.450679654 -0.068091113
-0.451267532 0.024265472
-0.450658247 0.116552077
-0.450328775 0.282385737
-0.449664690 0.374543610
-0.442047735 0.199192732
-0.441578639 -0.150489580
-0.441221089 0.460479951
-0.418693257 -0.368665943
-0.418946815 -0.280139048
-0.419036792 -0.020741624
-0.418997493 0.068424223
-0.418026854 0.329541960
-0.417470094 -0.455943646
-0.415471445 -0.195005174
-0.415476460 -0.106224182
-0.415585351 0.154334116
-0.415418296 0.243603508
-0.413965352 0.416033294
-0.398767255 -0.411841997
-0.399493977 -0.324628478
-0.397863532 -0.238439989
-0.397938634 -0.062996419
-0.399672617 0.023578282
-0.397277165 0.286995553
-0.392640489 -0.150820148
-0.398083744 0.110411818
-0.393001310 0.198631429
-0.395932630 0.372831508
-0.386620310 0.457885033
-0.370837255 -0.455907127
-0.371008875 -0.368252103
-0.370642740 -0.282142832
-0.367983744 -0.195359419
-0.368058524 -0.106621410
-0.370801935 -0.019603802
-0.370875418 0.066357960
-0.368256972 0.153668792
-0.367981548 0.242896244
-0.368766239 0.329869332
-0.363776995 0.414930659
-0.348277776 -0.412155361
-0.348049722 -0.325397897
-0.348021516 0.023176985
-0.346840759 -0.239016391
-0.343937795 -0.151166248
-0.346978772 -0.063210466
-0.347150436 0.109684270
-0.344254245 0.197970827
-0.345931572 0.286191518
-0.343261371 0.372254377
-0.334152620 0.457288909
-0.322582106 -0.456216640
-0.321884110 -0.368966500
-0.321259683 -0.282371780
-0.319550779 -0.195424017
-0.319649685 -0.107174702
-0.321341358 -0.020219443
-0.321425175 0.066248536
-0.319887100 0.153407185
-0.319425631 0.241920128
-0.318663343 0.328911264
-0.312874916 0.414496146
-0.298193788 -0.412688734
-0.297543717 -0.325784417
-0.296575135 -0.239031626
-0.295026805 -0.151421754
-0.296676397 -0.063823268
-0.297367191 0.022859886
-0.296852972 0.109636216
-0.295242868 0.197428075
-0.295354624 0.285179148
-0.291776118 0.371505684
-0.282701558 0.457067997
-0.273426358 -0.456440961
-0.272373599 -0.369330337
-0.271655222 -0.282497345
-0.270547319 -0.195396556
-0.270617642 -0.107658177
-0.271647338 -0.020615159
-0.271737519 0.066112312
-0.270835072 0.153284567
-0.270233300 0.241136300
-0.268447200 0.328094311
-0.262131279 0.414105661
-0.248301116 -0.412941299
-0.247472309 -0.325973340
-0.246694043 -0.239026490
-0.245831245 -0.151604775
-0.246740103 -0.064218575
-0.247196008 0.022640229
-0.246907314 0.109556125
-0.245920980 0.197040124
-0.245145707 0.284431705
-0.240971180 0.370954535
-0.231867245 0.456929511
-0.223869297 -0.456535863
-0.222718111 -0.369503791
-0.221997519 -0.282545007
-0.221252566 -0.195409462
-0.221291374 -0.107940762
-0.221919262 -0.020875318
-0.222006315 0.066000897
-0.221459987 0.153133758
-0.220723825 0.240605367
-0.218308877 0.327533081
-0.211644146 0.413847324
-0.198476731 -0.413057221
-0.197605565 -0.326054157
-0.196967694 -0.239022401
-0.196466343 -0.151721157
-0.196969204 -0.064459650
-0.197274826 0.022487907
-0.197113842 0.109464328
-0.196420797 0.196747124
-0.195132145 0.283945565
-0.190575265 0.370609273
-0.181403592 0.456860943
-0.174135084 -0.456580416
-0.173013909 -0.369582937
-0.172330979 -0.282562530
-0.171811231 -0.195422426
-0.171826636 -0.108113303
-0.172210124 -0.021042089
-0.172288056 0.065904944
-0.171930985 0.152995569
-0.171090881 0.240252114
-0.168290901 0.327186775
-0.161381156 0.413702897
-0.148680598 -0.413113426
-0.147837733 -0.326091386
-0.147308260 -0.239019250
-0.147001675 -0.151796462
-0.147281922 -0.064612174
-0.147487675 0.022377877
-0.147396368 0.109375209
-0.146836142 0.196537739
-0.145253194 0.283641805
-0.140441574 0.370413920
-0.131165783 0.456835556
-0.124324374 -0.456603654
-0.123299413 -0.369625004
-0.122674169 -0.282572313
-0.122298135 -0.195438205
-0.122299725 -0.108222511
-0.122534496 -0.021156400
-0.122600493 0.065822548
-0.122343009 0.152879718
-0.121432382 0.240024300
-0.118397600 0.326983255
-0.111292692 0.413634736
-0.098899109 -0.413146649
-0.098124966 -0.326116134
-0.097682959 -0.239025528
-0.097487444 -0.151850686
-0.097643584 -0.064714150
-0.097782886 0.022292339
-0.097729754 0.109293698
-0.097232375 0.196389656
-0.095482985 0.283456672
-0.090493207 0.370312143
-0.081072443 0.456836723
-0.074483119 -0.456620168
-0.073591359 -0.369655954
-0.073035365 -0.282588426
-0.072758056 -0.195460889
-0.072753408 -0.108297427
-0.072895787 -0.021240149
-0.072951534 0.065749137
-0.072751318 0.152783412
-0.071801126 0.239876171
-0.068623348 0.326867877
-0.061343883 0.413614435
-0.049129758 -0.413173993
-0.048449016 -0.326143500
-0.048083953 -0.239045407
-0.047959798 -0.151896177
-0.048042991 -0.064787089
-0.048137424 0.022221225
-0.048109773 0.109217723
-0.047652163 0.196280154
-0.045813159 0.283342276
-0.040692614 0.370266870
-0.031079819 0.456855204
-0.024633201 -0.456636337
-0.023898122 -0.369688240
-0.023420399 -0.282616813
-0.023221034 -0.195492880
-0.023215441 -0.108353587
-0.023295661 -0.021305645
-0.023345625 0.065680119
-0.023189724 0.152697876
-0.022228298 0.239773370
-0.018966584 0.326803117
-0.011517271 0.413624755
0.000626453 -0.413203082
0.001196753 -0.326180015
0.001486494 -0.239080313
0.001553670 -0.151939102
0.001520968 -0.064842172
0.001459212 0.022157879
0.001461396 0.109141725
0.001875695 0.196189436
0.003755174 0.283265355
0.008973041 0.370253667
0.018833709 0.456886493
0.025213716 -0.456654592
0.025774963 -0.369726816
0.026165234 -0.282659702
0.026289937 -0.195535208
0.026293406 -0.108398036
0.026264566 -0.021359577
0.026214789 0.065610037
0.026319568 0.152612129
0.027264280 0.239690817
0.030567366 0.326762531
0.038187735 0.413654417
0.050367864 -0.413236068
0.050814852 -0.326227688
0.051022881 -0.239130808
0.051029849 -0.151981709
0.051046542 -0.064883934
0.051013995 0.022097338
0.050981518 0.109057609
0.051329821 0.196100473
0.053216287 0.283201508
0.058500139 0.370253774
0.068675217 0.456928149
0.075049058 -0.456674773
0.075423768 -0.369771884
0.075716407 -0.282717452
0.075754439 -0.195588371
0.075755215 -0.108431810
0.075784859 -0.021404717
0.075729793 0.065532513
0.075760178 0.152513513
0.076658306 0.239609030
0.079966925 0.326724329
0.087754037 0.413693742
0.100093744 -0.413270813
0.100408663 -0.326285161
0.100520723 -0.239197089
0.100446798 -0.152022980
0.100533915 -0.064911165
0.100536675 0.022036176
0.100452402 0.108955061
0.100692152 0.195997475
0.102564309 0.283130391
0.107873963 0.370248297
0.118439811 0.456978188
0.124862050 -0.456694094
0.125044398 -0.369818867
0.125228858 -0.282788367
0.125151040 -0.195651997
0.125151750 -0.108449416
0.125267881 -0.021439260
0.125203193 0.065440859
0.125117829 0.152387410
0.125935841 0.239511731
0.129216099 0.326666805
0.137142513 0.413731026
0.149805961 -0.413299707
0.149987404 -0.326346397
0.149980799 -0.239277915
0.149780451 -0.152057092
0.149990092 -0.064914676
0.150046259 0.021974297
0.149884688 0.108822216
0.149945266 0.195865456
0.151799166 0.283033348
0.157074519 0.370213711
0.168109188 0.457033803
0.174632566 -0.456705792
0.174631171 -0.369855643
0.174698893 -0.282866424
0.174452625 -0.195723076
0.174460137 -0.108435124
0.174719815 -0.021452854
0.174643509 0.065330639
0.174376554 0.152217973
0.175076509 0.239386521
0.178296601 0.326566428
0.186282945 0.413749372
0.199512064 -0.413305844
0.199573411 -0.326396411
0.199415923 -0.239367825
0.199000688 -0.152069838
0.199435911 -0.064871509
0.199580384 0.021920899
0.199305973 0.108648987
0.199070286 0.195692537
0.200936350 0.282895214
0.206087257 0.370118986
0.217645686 0.457091246
0.224317319 -0.456694800
0.224170802 -0.369856868
0.224120443 -0.282935852
0.223618196 -0.195794278
0.223644270 -0.108355990
0.224147810 -0.021418699
0.224063156 0.065208737
0.223512429 0.151991663
0.224052237 0.239231142
0.227189187 0.326400714
0.235058447 0.413726276
0.249233499 -0.413252915
0.249215184 -0.326403801
0.248865438 -0.239453553
0.248065952 -0.152035571
0.248918221 -0.064735505
0.249209786 0.021906678
0.248777728 0.108438139
0.248044839 0.195479331
0.250024341 0.282711696
0.254924731 0.369931229
0.266980765 0.457143651
0.273819257 -0.456631490
0.273628456 -0.369765337
0.273475227 -0.282970907
0.272577193 -0.195853799
0.272634786 -0.108156587
0.273546982 -0.021276706
0.273469711 0.065102663
0.272480394 0.151717634
0.272816236 0.239068302
0.275867384 0.326163846
0.283285740 0.413631508
0.299021171 -0.413062658
0.299022606 -0.326301871
0.298422755 -0.239527846
0.296919248 -0.151915660
0.298528160 -0.064421350
0.299069341 0.021993059
0.298420002 0.108222021
0.296847815 0.195278068
0.299174093 0.282522956
0.303672644 0.369602055
0.315992076 0.457187991
0.322917714 -0.456430091
0.322911343 -0.369482025
0.322716534 -0.282917363
0.321187330 -0.195933677
0.321281040 -0.107717924
0.322866799 -0.020951258
0.322830539 0.065082674
0.321170422 0.151434991
0.321278140 0.239071516
0.324292617 0.325839050
0.330672725 0.413391635
0.345452632 -0.151681278
0.349012982 -0.412571811
0.349226301 -0.325995433
0.348320872 -0.239565834
0.348470593 -0.063811788
0.349397043 0.022259126
0.348468807 0.108070202
0.345416288 0.195329896
0.348685711 0.282513480
0.352560833 0.368971433
0.364445000 0.457028645
0.371106902 -0.456124128
0.371790196 -0.368809342
0.371676319 -0.282762339
0.369165552 -0.195872631
0.369246674 -0.107137346
0.371914158 -0.020270289
0.371961686 0.065120538
0.369248724 0.151510963
0.369246390 0.239511514
0.372455865 0.325593624
0.376787764 0.412470763
0.393748996 -0.151276141
0.393792787 0.195961146
0.399420520 -0.412250384
0.400343354 -0.325261878
0.398901537 -0.238998721
0.398997769 -0.063464930
0.400729682 0.022762317
0.399144585 0.108802989
0.399080699 0.282851808
0.402327795 0.367898330
0.411708360 0.456589575
0.416143179 -0.195450996
0.416163674 -0.106609583
0.416287674 0.152305982
0.416275601 0.240530751
0.417643885 -0.456122144
0.419225965 -0.369230961
0.419510170 -0.280703269
0.419717518 -0.021239172
0.419765060 0.067415230
0.420090910 0.324653373
0.420866023 0.412360691
0.442241717 -0.150852810
0.442268243 0.196851226
0.451015203 -0.415681681
0.451591073 -0.324691918
0.451113127 -0.232890601
0.451179637 -0.068372029
0.451850760 0.023774734
0.451293484 0.115661054
0.451374026 0.279009169
0.452672737 0.370070857
0.456985087 0.460576580
0.461485720 -0.371015733
0.461451850 -0.277839866
0.461516481 -0.022966155
0.461506065 0.070935386
0.461771104 0.324360890
0.461306095 0.416594056
0.462470168 -0.459689478
0.462710069 -0.187030610
0.462602643 -0.114265194
0.463023047 0.161354465
0.462664754 0.233468303
936
177 187 199
220 242 231
231 242 253
165 187 177
344 45 322
330 318 340
16 98 17
27 25 124
102 20 91
124 25 102
212 35 33
37 35 234
234 35 212
190 33 31
212 33 190
212 190 201
201 190 179
107 98 119
107 119 134
134 119 144
167 179 157
157 145 167
279 38 40
257 38 279
236 224 246
182 204 194
116 104 127
104 115 127
32 191 30
218 207 196
196 206 218
209 220 231
209 199 187
187 198 209
209 198 220
231 221 209
209 221 199
200 178 188
177 199 188
188 166 177
178 166 188
189 178 200
189 201 179
189 179 167
167 178 189
285 273 295
263 273 285
229 218 240
207 218 229
96 12 11
88 12 96
121 97 106
106 97 88
106 96 118
88 96 106
9 95 10
129 117 110
110 117 95
112 119 98
112 100 122
155 166 144
155 165 177
177 166 155
73 74 508
72 502 71
495 502 72
72 73 495
495 73 508
80 498 79
78 79 504
504 79 498
53 432 55
410 53 51
432 53 410
509 74 75
344 322 333
43 322 45
54 455 433
64 491 63
501 69 70
67 506 66
448 426 437
287 309 298
298 309 320
350 339 328
340 318 329
404 426 416
425 437 415
415 404 393
437 426 415
426 404 415
425 415 403
403 415 393
18 17 90
90 17 98
90 98 107
107 99 90
90 99 18
91 20 19
18 99 19
19 99 91
23 102 25
21 20 23
20 102 23
145 157 135
39 278 41
267 278 256
37 234 256
256 39 37
278 39 256
41 278 300
300 43 41
322 43 300
223 234 212
212 201 223
168 157 179
168 190 31
179 190 168
36 38 257
213 32 34
191 32 213
214 224 236
214 203 192
236 246 258
258 247 236
257 279 268
268 246 257
279 290 268
268 258 246
268 290 280
280 258 268
140 128 150
116 128 109
150 128 139
139 127 149
139 128 116
116 127 139
183 194 205
205 195 183
183 195 173
193 204 182
182 171 193
5 85 6
137 115 126
137 127 115
149 127 137
126 148 137
8 7 81
28 147 26
30 191 169
169 28 30
147 28 169
191 180 169
158 147 169
169 180 158
26 147 125
125 24 26
108 24 125
125 114 108
159 171 149
149 137 159
159 137 148
1 83 2
22 83 1
22 24 108
108 83 22
92 83 108
108 114 92
3 2 92
92 2 83
192 180 202
202 214 192
224 214 202
202 213 224
202 180 191
191 213 202
227 238 249
248 238 226
336 358 348
228 250 240
240 218 228
228 218 206
221 232 210
200 188 210
199 221 210
210 188 199
243 232 221
243 221 231
231 253 243
145 134 156
156 166 178
156 134 144
144 166 156
167 145 156
156 178 167
240 250 262
251 273 263
251 229 240
240 262 251
251 262 273
207 229 219
318 330 308
318 308 296
296 308 286
13 12 88
13 97 14
88 97 13
111 97 121
122 100 111
131 106 118
153 142 131
121 106 131
131 142 121
11 10 87
87 10 95
87 96 11
86 95 9
86 110 95
9 8 86
16 15 89
89 15 100
100 112 89
89 98 16
89 112 98
82 15 14
100 15 82
82 111 100
14 97 82
97 111 82
144 119 133
119 112 133
133 155 144
133 112 122
165 155 143
143 154 165
143 133 122
155 133 143
176 198 187
187 165 176
165 154 176
186 198 176
479 495 508
467 462 479
495 479 473
473 479 462
461 472 485
485 473 461
502 495 485
495 473 485
461 473 450
450 473 462
450 439 461
428 439 450
487 504 498
475 486 497
497 486 503
497 487 475
504 487 497
503 77 497
497 77 78
78 504 497
59 498 80
76 77 503
474 486 464
464 486 475
508 74 489
74 509 489
467 479 489
489 479 508
489 480 467
489 509 480
432 410 421
421 443 432
421 410 399
399 409 421
467 480 463
463 480 474
355 366 344
344 333 355
366 49 47
47 45 344
344 366 47
51 49 388
388 410 51
399 410 388
388 49 366
347 357 369
347 358 336
369 358 347
50 389 48
46 345 44
323 42 44
44 345 323
367 345 46
46 48 367
367 48 389
367 389 378
323 345 334
346 324 334
391 401 413
391 413 402
380 358 369
380 391 402
369 391 380
368 357 346
215 193 203
226 204 215
204 193 215
56 455 54
54 433 52
411 389 50
50 52 411
411 52 433
68 507 67
488 506 67
67 507 488
488 507 478
69 501 493
493 68 69
507 68 493
478 507 493
493 501 484
494 501 70
70 71 494
494 71 502
502 485 494
494 485 472
494 472 484
484 501 494
402 413 424
444 437 425
425 436 444
65 66 492
492 66 506
469 446 456
491 483 469
478 493 471
471 493 484
459 448 437
437 444 459
478 471 459
459 471 448
484 472 460
460 471 484
448 471 460
320 309 331
310 298 320
372 350 360
339 329 317
295 306 317
317 306 328
328 339 317
307 285 295
295 317 307
307 317 329
307 329 318
318 296 307
307 296 285
394 404 416
402 424 414
414 424 436
414 436 425
425 403 414
145 135 123
107 134 123
123 134 145
123 99 107
146 135 157
157 168 146
146 27 124
124 135 146
321 333 311
311 333 322
322 300 311
234 223 245
267 256 245
245 256 234
211 223 201
211 189 200
201 189 211
29 168 31
27 146 29
29 146 168
34 36 235
235 213 34
224 213 235
235 36 257
257 246 235
235 246 224
301 290 279
301 42 323
40 42 301
301 279 40
280 290 302
302 291 280
94 109 81
6 85 94
116 109 94
94 7 6
81 7 94
94 104 116
94 85 104
129 110 120
120 140 129
128 140 120
120 109 128
150 139 160
160 139 149
160 171 182
149 171 160
194 183 172
182 194 172
172 160 182
150 160 172
3 92 84
126 114 136
114 125 136
136 148 126
158 148 136
136 147 158
136 125 147
171 159 181
192 203 181
181 193 171
203 193 181
239 227 249
250 228 239
238 227 216
226 238 216
205 194 216
216 227 205
216 204 226
216 194 204
270 248 259
261 239 249
250 239 261
292 314 304
370 348 358
358 380 370
284 294 306
284 306 295
295 273 284
273 262 284
242 220 230
186 175 197
207 219 197
241 219 229
241 251 263
229 251 241
241 230 219
341 331 319
319 331 309
319 330 341
319 308 330
263 285 274
285 296 274
274 296 286
164 142 153
154 142 164
164 175 186
153 175 164
186 176 164
164 176 154
132 111 121
121 142 132
132 142 154
154 143 132
122 111 132
132 143 122
95 117 105
105 87 95
117 130 105
105 130 118
118 96 105
96 87 105
361 350 372
339 350 361
405 394 416
476 487 498
476 59 57
498 59 476
475 487 465
487 476 465
75 76 496
496 509 75
496 76 503
496 486 474
503 486 496
474 480 496
480 509 496
442 464 453
453 465 443
453 464 475
475 465 453
321 310 332
332 310 320
474 464 452
452 463 474
452 464 442
441 463 452
440 450 462
428 450 440
451 462 467
441 429 451
451 440 462
429 440 451
467 463 451
451 463 441
419 429 441
366 355 377
399 388 377
377 388 366
357 347 335
335 324 346
346 357 335
292 270 281
281 270 259
259 247 269
269 281 259
291 281 269
280 291 269
269 258 280
247 258 269
345 367 356
356 334 345
356 367 378
346 334 356
356 368 346
378 368 356
369 357 379
379 391 369
401 391 379
357 368 379
225 215 203
236 247 225
225 214 236
203 214 225
226 215 237
237 248 226
259 248 237
237 247 259
237 225 247
215 225 237
505 58 60
378 389 400
389 411 400
436 424 447
500 64 65
65 492 500
500 492 483
491 64 500
500 483 491
449 472 461
449 460 472
461 439 449
320 331 342
342 332 320
287 298 276
298 310 288
288 276 298
266 276 288
372 360 382
382 394 372
404 394 382
393 404 382
338 350 328
338 360 350
91 99 113
99 123 113
124 102 113
113 102 91
113 135 124
113 123 135
299 310 321
321 311 299
299 288 310
267 245 255
312 334 324
324 302 312
312 302 290
323 334 312
312 301 323
290 301 312
110 86 101
101 120 110
101 8 81
101 86 8
81 109 101
109 120 101
161 172 183
161 183 173
161 140 150
150 172 161
3 84 4
104 85 93
93 115 104
85 5 93
5 4 93
93 4 84
103 92 114
103 84 92
103 114 126
126 115 103
115 93 103
103 93 84
192 181 170
170 180 192
170 159 148
170 181 159
170 148 158
158 180 170
217 239 228
206 195 217
217 228 206
217 195 205
205 227 217
227 239 217
250 261 272
294 284 272
272 262 250
272 284 262
271 261 249
348 370 359
392 414 403
392 370 380
392 380 402
402 414 392
220 198 208
208 230 220
208 198 186
186 197 208
219 230 208
208 197 219
308 319 297
297 275 286
286 308 297
287 275 297
297 309 287
297 319 309
264 274 286
264 253 242
264 275 253
286 275 264
242 230 252
252 264 242
274 264 252
230 241 252
252 241 263
263 274 252
173 162 151
129 140 151
151 161 173
140 161 151
141 117 129
141 130 117
129 151 141
141 151 162
184 162 173
184 206 196
173 195 184
184 195 206
174 184 196
162 184 174
372 394 383
383 361 372
394 405 383
383 405 395
373 383 395
361 383 373
395 405 417
417 439 428
432 443 454
443 465 454
55 432 454
454 465 476
454 57 55
454 476 57
442 453 431
431 421 409
443 421 431
431 453 443
343 355 333
343 333 321
321 332 343
430 452 442
441 452 430
430 419 441
408 419 430
406 417 428
395 417 406
418 440 429
396 406 418
428 440 418
418 406 428
386 376 364
408 398 386
386 398 376
429 419 407
407 418 429
396 418 407
365 377 355
355 343 365
324 335 313
313 302 324
291 302 313
61 505 60
61 62 490
490 505 61
482 469 456
456 468 482
491 469 482
482 468 490
481 468 455
455 56 481
481 505 490
490 468 481
481 56 58
58 505 481
390 368 378
378 400 390
401 379 390
390 379 368
456 446 434
483 492 470
446 469 457
457 469 483
483 470 457
457 470 447
466 488 478
478 459 466
466 459 444
427 449 439
427 405 416
439 417 427
427 417 405
364 342 353
353 342 331
353 331 341
287 276 265
265 275 287
265 243 253
253 275 265
316 338 328
328 306 316
306 294 316
289 278 267
289 299 311
289 300 278
289 311 300
266 288 277
277 255 266
267 255 277
288 299 277
277 289 267
299 289 277
266 255 244
283 271 293
261 271 283
294 272 283
283 272 261
282 270 292
292 304 282
282 304 293
293 271 282
360 338 349
381 403 393
381 359 370
381 392 403
370 392 381
130 141 152
152 141 162
162 174 152
196 207 185
185 174 196
207 197 185
185 197 175
351 373 362
340 329 351
351 362 340
351 329 339
339 361 351
361 373 351
354 343 332
354 342 364
332 342 354
364 376 354
376 365 354
354 365 343
384 406 396
384 374 362
396 374 384
362 373 384
384 373 395
395 406 384
341 330 352
352 330 340
340 362 352
362 374 352
387 398 409
387 409 399
399 377 387
377 365 387
376 398 387
387 365 376
420 430 442
409 398 420
408 430 420
420 398 408
442 431 420
420 431 409
397 407 419
397 419 408
408 386 397
325 335 347
325 313 335
336 314 325
325 347 336
63 491 499
491 482 499
499 482 490
499 62 63
490 62 499
422 411 433
422 400 411
423 434 446
413 401 423
412 390 400
400 422 412
412 422 434
401 390 412
412 423 401
434 423 412
477 492 506
477 470 492
506 488 477
488 466 477
460 449 438
449 427 438
438 427 416
416 426 438
426 448 438
448 460 438
363 353 341
341 352 363
363 352 374
232 243 254
243 265 254
254 244 232
254 265 276
254 276 266
266 244 254
232 244 222
222 211 200
200 210 222
222 210 232
233 244 255
233 245 223
233 255 245
223 211 233
211 222 233
233 222 244
305 316 294
294 283 305
305 283 293
270 282 260
238 248 260
248 270 260
260 282 271
249 238 260
260 271 249
360 349 371
393 382 371
371 382 360
371 349 359
371 381 393
359 381 371
338 316 327
327 349 338
316 305 327
130 152 138
153 131 138
138 131 118
118 130 138
163 152 174
174 185 163
153 138 163
163 138 152
163 175 153
163 185 175
364 353 375
375 386 364
375 397 386
353 363 375
313 325 303
303 281 291
291 313 303
292 281 303
303 314 292
303 325 314
456 434 445
434 422 445
445 468 456
455 468 445
445 433 455
445 422 433
413 423 435
435 424 413
446 457 435
435 423 446
435 447 424
435 457 447
447 470 458
470 477 458
436 447 458
458 444 436
458 466 444
458 477 466
326 304 314
326 314 336
336 348 326
315 305 293
315 327 305
293 304 315
304 326 315
407 397 385
397 375 385
385 375 363
385 363 374
385 374 396
396 407 385
337 315 326
348 359 337
337 326 348
327 315 337
359 349 337
349 327 337
