1938
-0.500000000 -0.500000000
-0.500000000 -0.475000000
-0.500000000 -0.450000000
-0.500000000 -0.425000000
-0.500000000 -0.400000000
-0.500000000 -0.375000000
-0.500000000 -0.350000000
-0.500000000 -0.325000000
-0.500000000 -0.300000000
-0.500000000 -0.275000000
-0.500000000 -0.250000000
-0.500000000 -0.225000000
-0.500000000 -0.200000000
-0.500000000 -0.175000000
-0.500000000 -0.150000000
-0.500000000 -0.125000000
-0.500000000 -0.100000000
-0.500000000 -0.075000000
-0.500000000 -0.050000000
-0.500000000 -0.025000000
-0.500000000 0.000000000
-0.500000000 0.025000000
-0.500000000 0.050000000
-0.500000000 0.075000000
-0.500000000 0.100000000
-0.500000000 0.125000000
-0.500000000 0.150000000
-0.500000000 0.175000000
-0.500000000 0.200000000
-0.500000000 0.225000000
-0.500000000 0.250000000
-0.500000000 0.275000000
-0.500000000 0.300000000
-0.500000000 0.325000000
-0.500000000 0.350000000
-0.500000000 0.375000000
-0.500000000 0.400000000
-0.500000000 0.425000000
-0.500000000 0.450000000
-0.500000000 0.475000000
-0.500000000 0.500000000
-0.475000000 -0.500000000
-0.475000000 0.500000000
-0.450000000 -0.500000000
-0.450000000 0.500000000
-0.425000000 -0.500000000
-0.425000000 0.500000000
-0.400000000 -0.500000000
-0.400000000 0.500000000
-0.375000000 -0.500000000
-0.375000000 0.500000000
-0.350000000 -0.500000000
-0.350000000 0.500000000
-0.325000000 -0.500000000
-0.325000000 0.500000000
-0.300000000 -0.500000000
-0.300000000 0.500000000
-0.275000000 -0.500000000
-0.275000000 0.500000000
-0.250000000 -0.500000000
-0.250000000 0.500000000
-0.225000000 -0.500000000
-0.225000000 0.500000000
-0.200000000 -0.500000000
-0.200000000 0.500000000
-0.175000000 -0.500000000
-0.175000000 0.500000000
-0.150000000 -0.500000000
-0.150000000 0.500000000
-0.125000000 -0.500000000
-0.125000000 0.500000000
-0.100000000 -0.500000000
-0.100000000 0.500000000
-0.075000000 -0.500000000
-0.075000000 0.500000000
-0.050000000 -0.500000000
-0.050000000 0.500000000
-0.025000000 -0.500000000
-0.025000000 0.500000000
0.000000000 -0.500000000
0.000000000 0.500000000
0.025000000 -0.500000000
0.025000000 0.500000000
0.050000000 -0.500000000
0.050000000 0.500000000
0.075000000 -0.500000000
0.075000000 0.500000000
0.100000000 -0.500000000
0.100000000 0.500000000
0.125000000 -0.500000000
0.125000000 0.500000000
0.150000000 -0.500000000
0.150000000 0.500000000
0.175000000 -0.500000000
0.175000000 0.500000000
0.200000000 -0.500000000
0.200000000 0.500000000
0.225000000 -0.500000000
0.225000000 0.500000000
0.250000000 -0.500000000
0.250000000 0.500000000
0.275000000 -0.500000000
0.275000000 0.500000000
0.300000000 -0.500000000
0.300000000 0.500000000
0.325000000 -0.500000000
0.325000000 0.500000000
0.350000000 -0.500000000
0.350000000 0.500000000
0.375000000 -0.500000000
0.375000000 0.500000000
0.400000000 -0.500000000
0.400000000 0.500000000
0.425000000 -0.500000000
0.425000000 0.500000000
0.450000000 -0.500000000
0.450000000 0.500000000
0.475000000 -0.500000000
0.475000000 0.500000000
0.500000000 -0.500000000
0.500000000 -0.475000000
0.500000000 -0.450000000
0.500000000 -0.425000000
0.500000000 -0.400000000
0.500000000 -0.375000000
0.500000000 -0.350000000
0.500000000 -0.325000000
0.500000000 -0.300000000
0.500000000 -0.275000000
0.500000000 -0.250000000
0.500000000 -0.225000000
0.500000000 -0.200000000
0.500000000 -0.175000000
0.500000000 -0.150000000
0.500000000 -0.125000000
0.500000000 -0.100000000
0.500000000 -0.075000000
0.500000000 -0.050000000
0.500000000 -0.025000000
0.500000000 0.000000000
0.500000000 0.025000000
0.500000000 0.050000000
0.500000000 0.075000000
0.500000000 0.100000000
0.500000000 0.125000000
0.500000000 0.150000000
0.500000000 0.175000000
0.500000000 0.200000000
0.500000000 0.225000000
0.500000000 0.250000000
0.500000000 0.275000000
0.500000000 0.300000000
0.500000000 0.325000000
0.500000000 0.350000000
0.500000000 0.375000000
0.500000000 0.400000000
0.500000000 0.425000000
0.500000000 0.450000000
0.500000000 0.475000000
0.500000000 0.500000000
-0.481233895 -0.343363002
-0.481365884 -0.169612324
-0.481387703 -0.005151530
-0.481241945 0.168524055
-0.481179527 0.306753290
-0.481176890 -0.479660217
-0.480644361 -0.435355514
-0.480609545 -0.388809398
-0.481184879 -0.307191896
-0.480625514 -0.261524889
-0.480622056 -0.214661727
-0.481143471 -0.133036109
-0.480680551 -0.087477496
-0.481131066 -0.041908430
-0.480631378 0.039755248
-0.480633563 0.086569950
-0.481183122 0.132230957
-0.480608091 0.214084760
-0.480599353 0.261118876
-0.481156131 0.343085986
-0.480568099 0.388644039
-0.480600807 0.435212845
-0.481147079 0.479509705
-0.475241919 -0.457616878
-0.475582172 -0.412189764
-0.475323197 -0.366302483
-0.475343784 -0.284234123
-0.475651042 -0.238183299
-0.475225902 -0.192374343
-0.475329024 -0.110223620
-0.475334220 -0.064713557
-0.475146935 0.017544102
-0.475652370 0.063252857
-0.475356505 0.109280536
-0.475368361 0.191502742
-0.475650973 0.237622575
-0.475321501 0.283764377
-0.475248897 0.366042484
-0.475490391 0.412001329
-0.475044081 0.457415263
-0.470758558 -0.325370043
-0.471056618 -0.151591478
-0.471154835 -0.023250355
-0.470828681 0.150473439
-0.470762970 0.324904157
-0.459321963 -0.434360630
-0.459447595 -0.390123650
-0.459511704 -0.260698370
-0.459456074 -0.216398116
-0.459378076 -0.087446410
-0.459426979 0.041532095
-0.459521661 0.085777747
-0.459527593 0.215432600
-0.459498379 0.259939082
-0.459344808 0.389757599
-0.459177557 0.434087710
-0.458705180 -0.477971919
-0.457712502 -0.347617570
-0.457718195 -0.303281519
-0.457783397 -0.173817347
-0.457806794 -0.129661553
-0.457840668 -0.045191530
-0.457786390 -0.001068344
-0.457752626 0.128371381
-0.457770344 0.172754499
-0.457691530 0.302670892
-0.457641401 0.347099016
-0.458648354 0.477898232
-0.449371394 -0.455929753
-0.449721905 -0.412356221
-0.448905796 -0.369310644
-0.448937014 -0.281759515
-0.449800315 -0.238709277
-0.448791753 -0.108439499
-0.448811693 -0.066416334
-0.449795858 0.063821038
-0.448968569 0.106846467
-0.449021796 0.194500449
-0.449838535 0.237713904
-0.448940383 0.280956245
-0.448788018 0.368778284
-0.449566798 0.411976313
-0.449184859 0.455738589
-0.446284056 -0.325562734
-0.448927422 -0.195624755
-0.446495022 -0.151961623
-0.446558098 -0.022908678
-0.448884484 0.020748659
-0.446369635 0.150666117
-0.446246551 0.324873975
-0.435381695 -0.477951890
-0.435457987 -0.434148006
-0.435270736 -0.391139113
-0.433943246 -0.347805595
-0.433977615 -0.303525773
-0.435330786 -0.260189121
-0.435326219 -0.217503250
-0.434030451 -0.174229686
-0.433999632 -0.130190486
-0.434776514 -0.087418225
-0.434031649 -0.044661308
-0.434037891 -0.000649760
-0.435306678 0.042623532
-0.435344853 0.085292207
-0.434033691 0.128617511
-0.434047330 0.172921382
-0.435401521 0.216325719
-0.435360942 0.259163736
-0.433945811 0.302648388
-0.433867035 0.347079754
-0.435140038 0.390599557
-0.435300382 0.433820682
-0.435305521 0.477850667
-0.424096990 -0.456081984
-0.423965316 -0.412739286
-0.423895040 -0.238935720
-0.423899026 0.064047240
-0.423950362 0.237757470
-0.423815908 0.412264185
-0.423361891 -0.369601181
-0.421901689 -0.325751741
-0.423408756 -0.281902575
-0.423404725 -0.196012779
-0.422019654 -0.152338793
-0.423109614 -0.108848521
-0.423123439 -0.065987584
-0.422061271 -0.022523002
-0.423385585 0.021133188
-0.423449388 0.106995029
-0.421998095 0.150835482
-0.423493676 0.194701686
-0.423412079 0.280864405
-0.421855756 0.324862925
-0.423248859 0.368901808
-0.423934714 0.455851082
-0.411243860 -0.478104080
-0.410865901 -0.434500400
-0.410545844 -0.391245278
-0.409690777 -0.347837469
-0.409727794 -0.303811770
-0.410537222 -0.260506535
-0.410526313 -0.217539401
-0.409749248 -0.174338470
-0.409643262 -0.130587531
-0.410056062 -0.087415108
-0.409666372 -0.044254114
-0.409757920 -0.000533785
-0.410520138 0.042656767
-0.410559490 0.085604764
-0.409792596 0.128887330
-0.409804089 0.172893350
-0.410608447 0.216233430
-0.410570868 0.259329008
-0.409700457 0.302778499
-0.409621150 0.346978000
-0.410428275 0.390611289
-0.410722789 0.434117983
-0.411168783 0.477986764
-0.399023579 -0.456343687
-0.398894869 0.456083655
-0.398674267 -0.412922845
-0.398185907 -0.369599529
-0.397401440 -0.325875759
-0.398198769 -0.282207422
-0.398495000 -0.239073850
-0.398181375 -0.195987171
-0.397427299 -0.152499476
-0.397942547 -0.109005762
-0.397952547 -0.065826141
-0.397453258 -0.022354989
-0.398176306 0.021109990
-0.398506597 0.064179615
-0.398243318 0.107285527
-0.397492360 0.150919736
-0.398272621 0.194582023
-0.398551729 0.237787905
-0.398201745 0.281054421
-0.397359018 0.324884757
-0.398094571 0.368814617
-0.398548610 0.412387784
-0.386651161 -0.478212452
-0.386588751 0.478083358
-0.386075737 -0.434672362
-0.385701653 -0.391296315
-0.385141461 -0.347812139
-0.385156050 -0.304044783
-0.385625569 -0.260684002
-0.385610306 -0.217557876
-0.385143192 -0.174294291
-0.385059930 -0.130724865
-0.385280327 -0.087414457
-0.385075796 -0.044114851
-0.385151681 -0.000571887
-0.385613429 0.042672120
-0.385652284 0.085770460
-0.385218079 0.129092060
-0.385226325 0.172798779
-0.385688761 0.216185047
-0.385657131 0.259431044
-0.385135032 0.302940807
-0.385084465 0.346894006
-0.385607259 0.390612024
-0.385960467 0.434259065
-0.374043723 -0.456461451
-0.373948339 0.456185627
-0.373593748 -0.413004723
-0.373193217 -0.369583118
-0.372746415 -0.325953902
-0.373165831 -0.282386083
-0.373338169 -0.239142441
-0.373139978 -0.195940374
-0.372728866 -0.152506214
-0.372977975 -0.109060918
-0.372984852 -0.065771174
-0.372745606 -0.022345452
-0.373142225 0.021064366
-0.373353830 0.064240082
-0.373207848 0.107444360
-0.372816252 0.150954704
-0.373227799 0.194499491
-0.373390070 0.237810469
-0.373170288 0.281186363
-0.372712299 0.324923925
-0.373123305 0.368764448
-0.373497259 0.412442497
-0.361853578 -0.478254049
-0.361806919 0.478118570
-0.361205479 -0.434746794
-0.360820409 -0.391305642
-0.360434131 -0.347803173
-0.360427013 -0.304168007
-0.360692527 -0.260781557
-0.360676143 -0.217546557
-0.360401696 -0.174235150
-0.360343579 -0.130758106
-0.360463742 -0.087415206
-0.360354343 -0.044081814
-0.360409785 -0.000628905
-0.360684002 0.042656584
-0.360718817 0.085854489
-0.360476871 0.129187353
-0.360483406 0.172747459
-0.360745487 0.216152344
-0.360720430 0.259503087
-0.360412742 0.303041059
-0.360390077 0.346867080
-0.360749256 0.390605222
-0.361119792 0.434320787
-0.349092850 -0.456508616
-0.349026031 0.456226587
-0.348605936 -0.413030345
-0.348266142 -0.369565025
-0.347993903 -0.325994400
-0.348207113 -0.282480534
-0.348304923 -0.239168813
-0.348182058 -0.195889689
-0.347958015 -0.152486152
-0.348077611 -0.109077090
-0.348082338 -0.065756619
-0.347969307 -0.022365032
-0.348187667 0.021012386
-0.348321005 0.064257849
-0.348241528 0.107520461
-0.348039787 0.150967228
-0.348255862 0.194451338
-0.348349426 0.237827065
-0.348212925 0.281270660
-0.347968514 0.324956493
-0.348214753 0.368740479
-0.348535880 0.412461804
-0.336962514 -0.478268921
-0.336930043 0.478130479
-0.336300785 -0.434771772
-0.335921513 -0.391297890
-0.335638964 -0.347791920
-0.335615993 -0.304232477
-0.335760791 -0.260828011
-0.335747034 -0.217525538
-0.335587651 -0.174186456
-0.335549585 -0.130764270
-0.335613438 -0.087416225
-0.335556980 -0.044076856
-0.335594968 -0.000677801
-0.335756331 0.042630577
-0.335783078 0.085888992
-0.335651347 0.129233077
-0.335656539 0.172715170
-0.335802807 0.216135405
-0.335784439 0.259549020
-0.335607026 0.303105189
-0.335606575 0.346857064
-0.335870208 0.390597958
-0.336240507 0.434343922
-0.324148240 -0.456523568
-0.324103438 0.456240381
-0.323654698 -0.413031802
-0.323357487 -0.369545311
-0.323175774 -0.326012167
-0.323277851 -0.282528514
-0.323331049 -0.239174250
-0.323256197 -0.195850313
-0.323133619 -0.152465516
-0.323190031 -0.109083199
-0.323193303 -0.065752380
-0.323141542 -0.022386456
-0.323262701 0.020970574
-0.323345148 0.064255665
-0.323303280 0.107555797
-0.323200331 0.150969978
-0.323313858 0.194422962
-0.323366487 0.237839241
-0.323284054 0.281323722
-0.323157868 0.324979490
-0.323321048 0.368725977
-0.323605988 0.412465934
-0.312027431 -0.478271473
-0.311378256 -0.434775464
-0.311337720 0.434349817
-0.312005961 0.478131857
-0.311011192 -0.391283649
-0.310790017 -0.347780069
-0.310757208 -0.304263913
-0.310832349 -0.260848902
-0.310821355 -0.217506310
-0.310729537 -0.174153017
-0.310705078 -0.130763182
-0.310738368 -0.087417199
-0.310710227 -0.044079446
-0.310735771 -0.000712533
-0.310830041 0.042606775
-0.310849455 0.085901407
-0.310779207 0.129253787
-0.310783263 0.172695745
-0.310863806 0.216126170
-0.310851159 0.259578558
-0.310751941 0.303144397
-0.310767184 0.346852907
-0.310975632 0.390589689
-0.299200793 -0.456524351
-0.299171958 0.456241710
-0.298715063 -0.413023846
-0.298447195 -0.369527616
-0.298313059 -0.326017944
-0.298355764 -0.282551769
-0.298382732 -0.239172860
-0.298337468 -0.195823555
-0.298269985 -0.152450455
-0.298295928 -0.109085271
-0.298298205 -0.065752040
-0.298275650 -0.022402775
-0.298343491 0.020941275
-0.298393911 0.064248726
-0.298372843 0.107571427
-0.298320912 0.150969319
-0.298380570 0.194406631
-0.298409605 0.237847648
-0.298361404 0.281356255
-0.298300949 0.324993856
-0.298422268 0.368715955
-0.298682586 0.412462791
-0.287070424 -0.478268926
-0.286443839 -0.434770238
-0.286417859 0.434347344
-0.287056880 0.478128815
-0.286090389 -0.391269065
-0.285905557 -0.347769324
-0.285867257 -0.304278202
-0.285902936 -0.260857850
-0.285894182 -0.217492350
-0.285841434 -0.174131880
-0.285825907 -0.130760628
-0.285842912 -0.087418030
-0.285829509 -0.044083447
-0.285846437 -0.000735194
-0.285901356 0.042589355
-0.285915034 0.085905023
-0.285878477 0.129262854
-0.285881523 0.172684311
-0.285925366 0.216121399
-0.285917233 0.259596870
-0.285864323 0.303167544
-0.285890083 0.346850285
-0.286066779 0.390581366
-0.274247486 -0.456519293
-0.273775239 -0.413013267
-0.273754694 0.412456444
-0.274229869 0.456237396
-0.273527622 -0.369513184
-0.273418944 -0.326018217
-0.273430205 -0.282562583
-0.273442106 -0.239170009
-0.273414720 -0.195806680
-0.273377287 -0.152440528
-0.273388767 -0.109085874
-0.273390349 -0.065752890
-0.273381332 -0.022413964
-0.273419682 0.020922342
-0.273450317 0.064242260
-0.273440430 0.107578178
-0.273414653 0.150967897
-0.273446014 0.194397477
-0.273461807 0.237853201
-0.273434887 0.281375560
-0.273411045 0.325002005
-0.273511274 0.368708241
-0.262101514 -0.478264503
-0.261499610 -0.434761976
-0.261484072 0.434341232
-0.262093502 0.478124106
-0.261158954 -0.391256258
-0.260995865 -0.347760389
-0.260954811 -0.304284025
-0.260968572 -0.260861351
-0.260961525 -0.217483101
-0.260931201 -0.174119032
-0.260921401 -0.130758316
-0.260929906 -0.087418694
-0.260923907 -0.044086981
-0.260935016 -0.000749355
-0.260966978 0.042577764
-0.260976445 0.085905493
-0.260957988 0.129266706
-0.260960224 0.172677750
-0.260983864 0.216119024
-0.260979089 0.259607895
-0.260953307 0.303180670
-0.260985828 0.346847897
-0.261144164 0.390573467
-0.249287553 -0.456512323
-0.248829930 -0.413002858
-0.248817985 0.412449092
-0.249277713 0.456230946
-0.248596410 -0.369501873
-0.248501724 -0.326016283
-0.248496559 -0.282567206
-0.248500076 -0.239167320
-0.248483381 -0.195796359
-0.248462431 -0.152434287
-0.248467198 -0.109085950
-0.248468286 -0.065753953
-0.248465283 -0.022421250
-0.248487164 0.020910551
-0.248505702 0.064237415
-0.248501576 0.107580959
-0.248489082 0.150966626
-0.248505592 0.194392442
-0.248514156 0.237856719
-0.248500239 0.281386671
-0.248496798 0.325006098
-0.248586308 0.368701934
-0.237125341 -0.478259704
-0.236546535 -0.434753314
-0.236538380 0.434334004
-0.237121150 0.478119088
-0.236216958 -0.391245676
-0.236067131 -0.347753221
-0.236024962 -0.304285756
-0.236026844 -0.260862333
-0.236021103 -0.217477152
-0.236003590 -0.174111340
-0.235997421 -0.130756582
-0.236001573 -0.087419196
-0.235999145 -0.044089656
-0.236006373 -0.000758034
-0.236024980 0.042570355
-0.236031435 0.085904944
-0.236022478 0.129268234
-0.236024100 0.172674043
-0.236036776 0.216117873
-0.236034386 0.259614338
-0.236024324 0.303187775
-0.236061016 0.346845473
-0.236208558 0.390566341
-0.224321152 -0.456505237
-0.223877109 -0.412993650
-0.223871283 0.412441933
-0.224316679 0.456224153
-0.223653521 -0.369493131
-0.223566830 -0.326013637
-0.223553300 -0.282568749
-0.223552351 -0.239165106
-0.223542020 -0.195790094
-0.223530171 -0.152430428
-0.223531925 -0.109085857
-0.223532665 -0.065754889
-0.223532146 -0.022425890
-0.223544737 0.020903321
-0.223555923 0.064234031
-0.223554588 0.107581948
-0.223548743 0.150965667
-0.223557471 0.194389700
-0.223562198 0.237858853
-0.223556091 0.281392842
-0.223563973 0.325007748
-0.223647899 0.368696678
-0.212144173 -0.478255197
-0.211585397 -0.434745379
-0.211264962 -0.391237188
-0.211261130 0.390560184
-0.211582419 0.434326973
-0.212142616 0.478114399
-0.211123450 -0.347747548
-0.211081105 -0.304285574
-0.211076766 -0.260862154
-0.211072038 -0.217473327
-0.211061832 -0.174106736
-0.211057951 -0.130755368
-0.211059919 -0.087419558
-0.211059120 -0.044091553
-0.211063783 -0.000763319
-0.211074625 0.042565689
-0.211078963 0.085904148
-0.211074851 0.129268719
-0.211076019 0.172671952
-0.211082824 0.216117313
-0.211082058 0.259617971
-0.211080987 0.303191369
-0.211120123 0.346843090
-0.199348824 -0.456498822
-0.198916429 -0.412985940
-0.198914919 0.412435557
-0.199348046 0.456217882
-0.198699932 -0.369486412
-0.198618054 -0.326010952
-0.198600457 -0.282568805
-0.198597282 -0.239163352
-0.198590743 -0.195786271
-0.198583959 -0.152428048
-0.198584431 -0.109085726
-0.198584928 -0.065755615
-0.198585297 -0.022428817
-0.198592594 0.020898906
-0.198599329 0.064231729
-0.198599221 0.107582142
-0.198596634 0.150964975
-0.198601288 0.194388201
-0.198604030 0.237860077
-0.198602526 0.281396108
-0.198616625 0.325008035
-0.198697490 0.368692324
-0.187159244 -0.478251261
-0.186617057 -0.434738603
-0.186303926 -0.391230512
-0.186303327 0.390555055
-0.186617684 0.434320752
-0.187159498 0.478110316
-0.186167810 -0.347743097
-0.186125791 -0.304284591
-0.186118363 -0.260861494
-0.186114428 -0.217470838
-0.186108398 -0.174103961
-0.186105955 -0.130754545
-0.186106852 -0.087419809
-0.186106735 -0.044092850
-0.186109717 -0.000766534
-0.186116041 0.042562765
-0.186118914 0.085903388
-0.186117182 0.129268756
-0.186118016 0.172670757
-0.186121713 0.216117019
-0.186122004 0.259619922
-0.186125990 0.303192983
-0.186166446 0.346840879
-0.174371273 -0.456493380
-0.173948402 -0.412979722
-0.173737034 -0.369481284
-0.173736830 0.368688780
-0.173949910 0.412430198
-0.174373034 0.456212499
-0.173658236 -0.326008533
-0.173638838 -0.282568219
-0.173634674 -0.239161990
-0.173630412 -0.195783914
-0.173626474 -0.152426577
-0.173626454 -0.109085606
-0.173626782 -0.065756144
-0.173627361 -0.022430652
-0.173631613 0.020896215
-0.173635658 0.064230187
-0.173636001 0.107582018
-0.173634958 0.150964482
-0.173637474 0.194387367
-0.173639208 0.237860727
-0.173640354 0.281397712
-0.173657790 0.325007640
-0.162171334 -0.478247987
-0.161642476 -0.434733086
-0.161335055 -0.391225363
-0.161336725 0.390550922
-0.161645597 0.434315571
-0.162172831 0.478106927
-0.161202577 -0.347739654
-0.161161126 -0.304283385
-0.161152300 -0.260860707
-0.161148993 -0.217469200
-0.161145367 -0.174102276
-0.161143829 -0.130753997
-0.161144216 -0.087419980
-0.161144341 -0.044093715
-0.161146230 -0.000768489
-0.161149921 0.042560940
-0.161151795 0.085902764
-0.161151172 0.129268625
-0.161151759 0.172670061
-0.161153820 0.216116840
-0.161154763 0.259620897
-0.161161522 0.303193539
-0.161202588 0.346838943
-0.149389280 -0.456488977
-0.148973955 -0.412974868
-0.148766349 -0.369477423
-0.148767711 0.368685970
-0.148977560 0.412425892
-0.149392779 0.456208113
-0.148689653 -0.326006511
-0.148669620 -0.282567442
-0.148665127 -0.239160956
-0.148662257 -0.195782449
-0.148659939 -0.152425666
-0.148659770 -0.109085512
-0.148659985 -0.065756512
-0.148660518 -0.022431796
-0.148663003 0.020894579
-0.148665424 0.064229169
-0.148665858 0.107581802
-0.148665509 0.150964135
-0.148666894 0.194386889
-0.148668116 0.237861035
-0.148670736 0.281398407
-0.148689886 0.325006979
-0.137181037 -0.478245378
-0.136662678 -0.434728773
-0.136359664 -0.391221487
-0.136230713 0.346837342
-0.136362916 0.390547706
-0.136667518 0.434311460
-0.137183384 0.478104231
-0.136229743 -0.347737052
-0.136188946 -0.304282246
-0.136179613 -0.260859973
-0.136176809 -0.217468118
-0.136174586 -0.174101248
-0.136173624 -0.130753640
-0.136173779 -0.087420094
-0.136173958 -0.044094280
-0.136175142 -0.000769673
-0.136177293 0.042559808
-0.136178494 0.085902294
-0.136178347 0.129268460
-0.136178750 0.172669648
-0.136179945 0.216116717
-0.136181258 0.259621335
-0.136189473 0.303193577
-0.124403650 -0.456485571
-0.123994198 -0.412971212
-0.123789397 -0.369474587
-0.123791852 0.368683821
-0.123999254 0.412422581
-0.124408336 0.456204702
-0.123714230 -0.326004923
-0.123694145 -0.282566702
-0.123689659 -0.239160197
-0.123687662 -0.195781537
-0.123686287 -0.152425106
-0.123686111 -0.109085444
-0.123686252 -0.065756760
-0.123686666 -0.022432503
-0.123688119 0.020893589
-0.123689558 0.064228510
-0.123689938 0.107581595
-0.123689870 0.150963899
-0.123690645 0.194386612
-0.123691591 0.237861159
-0.123694985 0.281398642
-0.123714936 0.325006291
-0.112188866 -0.478243398
-0.111678712 -0.434725553
-0.111379093 -0.391218670
-0.111251049 -0.347735157
-0.111252689 0.346836101
-0.111383445 0.390545311
-0.111684733 0.434308357
-0.112191791 0.478102185
-0.111210917 -0.304281312
-0.111201532 -0.260859377
-0.111199140 -0.217467413
-0.111197758 -0.174100625
-0.111197168 -0.130753414
-0.111197228 -0.087420170
-0.111197392 -0.044094642
-0.111198124 -0.000770387
-0.111199371 0.042559115
-0.111200123 0.085901963
-0.111200147 0.129268317
-0.111200409 0.172669406
-0.111201132 0.216116632
-0.111202622 0.259621506
-0.111211540 0.303193415
-0.099415194 -0.456483078
-0.099010301 -0.412968591
-0.098807645 -0.369472592
-0.098810862 0.368682268
-0.099016359 0.412420172
-0.099420690 0.456202196
-0.098733662 -0.326003763
-0.098713807 -0.282566110
-0.098709491 -0.239159672
-0.098708071 -0.195780980
-0.098707262 -0.152424769
-0.098707132 -0.109085403
-0.098707229 -0.065756924
-0.098707524 -0.022432936
-0.098708368 0.020892996
-0.098709211 0.064228094
-0.098709490 0.107581434
-0.098709509 0.150963748
-0.098709940 0.194386458
-0.098710713 0.237861203
-0.098714465 0.281398683
-0.098734702 0.325005716
-0.087195305 -0.478241998
-0.086691624 -0.434723303
-0.086394658 -0.391216743
-0.086268068 -0.347733867
-0.086270181 0.346835229
-0.086399776 0.390543649
-0.086698457 0.434306173
-0.087198623 0.478100738
-0.086228587 -0.304280637
-0.086219376 -0.260858953
-0.086217334 -0.217466977
-0.086216481 -0.174100260
-0.086216142 -0.130753281
-0.086216174 -0.087420223
-0.086216304 -0.044094871
-0.086216749 -0.000770812
-0.086217462 0.042558698
-0.086217913 0.085901746
-0.086217970 0.129268216
-0.086218117 0.172669276
-0.086218562 0.216116590
-0.086220099 0.259621573
-0.086229285 0.303193237
-0.074424724 -0.456481416
-0.074023438 -0.412966869
-0.073822495 -0.369471308
-0.073749495 -0.326003010
-0.073750776 0.325005332
-0.073826251 0.368681258
-0.074030196 0.412418578
-0.074430776 0.456200517
-0.073730008 -0.282565716
-0.073725942 -0.239159350
-0.073724931 -0.195780663
-0.073724485 -0.152424581
-0.073724418 -0.109085385
-0.073724494 -0.065757032
-0.073724693 -0.022433197
-0.073725173 0.020892649
-0.073725650 0.064227843
-0.073725824 0.107581329
-0.073725840 0.150963668
-0.073726055 0.194386391
-0.073726694 0.237861239
-0.073730552 0.281398688
-0.062200834 -0.478241139
-0.061702448 -0.434721924
-0.061407644 -0.391215587
-0.061282265 -0.347733112
-0.061284719 0.346834731
-0.061413305 0.390542652
-0.061709848 0.434304828
-0.062204420 0.478099844
-0.061243426 -0.304280246
-0.061234508 -0.260858715
-0.061232782 -0.217466745
-0.061232290 -0.174100071
-0.061232133 -0.130753217
-0.061232172 -0.087420265
-0.061232272 -0.044095013
-0.061232534 -0.000771058
-0.061232924 0.042558457
-0.061233171 0.085901618
-0.061233198 0.129268165
-0.061233243 0.172669229
-0.061233498 0.216116601
-0.061234989 0.259621640
-0.061244186 0.303193153
-0.049433051 -0.456480522
-0.049034781 -0.412965953
-0.048835304 -0.369470653
-0.048763192 -0.326002650
-0.048764654 0.325005192
-0.048839450 0.368680766
-0.049042036 0.412417734
-0.049439492 0.456199609
-0.048744152 -0.282565545
-0.048740386 -0.239159213
-0.048739699 -0.195780522
-0.048739510 -0.152424502
-0.048739514 -0.109085391
-0.048739584 -0.065757106
-0.048739713 -0.022433349
-0.048739971 0.020892455
-0.048740215 0.064227705
-0.048740291 0.107581280
-0.048740262 0.150963651
-0.048740319 0.194386402
-0.048740821 0.237861318
-0.048744627 0.281398757
-0.037205938 -0.478240801
-0.036712222 -0.434721356
-0.036419322 -0.391215136
-0.036295052 -0.347732856
-0.036256873 -0.304280153
-0.036257688 0.303193235
-0.036297761 0.346834620
-0.036425383 0.390542289
-0.036720032 0.434304276
-0.037209710 0.478099482
-0.036248326 -0.260858676
-0.036246908 -0.217466685
-0.036246698 -0.174100015
-0.036246691 -0.130753210
-0.036246757 -0.087420305
-0.036246837 -0.044095100
-0.036246978 -0.000771192
-0.036247164 0.042558334
-0.036247264 0.085901562
-0.036247234 0.129268166
-0.036247180 0.172669256
-0.036247273 0.216116683
-0.036248645 0.259621775
-0.024441007 -0.456480376
-0.024045508 -0.412965807
-0.023847419 -0.369470597
-0.023776193 -0.326002686
-0.023777797 0.325005343
-0.023851864 0.368680792
-0.024053140 0.412417622
-0.024447731 0.456199450
-0.023757673 -0.282565619
-0.023754252 -0.239159258
-0.023753858 -0.195780529
-0.023753883 -0.152424511
-0.023753965 -0.109085423
-0.023754043 -0.065757159
-0.023754123 -0.022433431
-0.023754234 0.020892362
-0.023754318 0.064227651
-0.023754303 0.107581284
-0.023754204 0.150963696
-0.023754118 0.194386492
-0.023754462 0.237861478
-0.023758104 0.281398958
-0.012211125 -0.478240989
-0.011722011 -0.434721598
-0.011430985 -0.391215382
-0.011307847 -0.347733105
-0.011270393 -0.304280385
-0.011262291 -0.260858852
-0.011261202 -0.217466790
-0.011261250 -0.174100075
-0.011261388 -0.130753258
-0.011261494 -0.087420351
-0.011261565 -0.044095151
-0.011261622 -0.000771250
-0.011261662 0.042558294
-0.011261644 0.085901568
-0.011261541 0.129268221
-0.011261376 0.172669359
-0.011261301 0.216116856
-0.011262489 0.259622031
-0.011271256 0.303193543
-0.011310762 0.346834930
-0.011437365 0.390542571
-0.011730140 0.434304519
-0.012215032 0.478099653
0.000550538 -0.456481006
0.000943151 -0.412966454
0.001139767 -0.369471163
0.001210021 -0.326003150
0.001227930 -0.282565971
0.001230946 -0.239159497
0.001231031 -0.195780678
0.001230796 -0.152424604
0.001230624 -0.109085485
0.001230525 -0.065757202
0.001230482 -0.022433464
0.001230483 0.020892344
0.001230530 0.064227665
0.001230637 0.107581344
0.001230824 0.150963809
0.001231066 0.194386675
0.001230920 0.237861758
0.001227534 0.281399349
0.001208295 0.325005839
0.001135068 0.368681379
0.000935204 0.412418276
0.000543586 0.456200069
0.012783065 -0.478241743
0.013267056 -0.434722708
0.013556000 -0.391216379
0.013677859 -0.347733907
0.013714467 -0.304280985
0.013722033 -0.260859274
0.013722742 -0.217467071
0.013722414 -0.174100253
0.013722119 -0.130753364
0.013721957 -0.087420410
0.013721887 -0.044095176
0.013721902 -0.000771249
0.013721989 0.042558324
0.013722121 0.085901634
0.013722311 0.129268339
0.013722607 0.172669550
0.013722883 0.216117147
0.013721946 0.259622457
0.013713562 0.303194141
0.013674756 0.346835727
0.013549331 0.390543562
0.013258646 0.434305622
0.012779050 0.478100396
0.025540642 -0.456482497
0.025929870 -0.412967988
0.026124759 -0.369472431
0.026193859 -0.326004108
0.026211029 -0.282566649
0.026213558 -0.239159961
0.026213283 -0.195780985
0.026212805 -0.152424792
0.026212524 -0.109085585
0.026212395 -0.065757242
0.026212382 -0.022433455
0.026212494 0.020892393
0.026212674 0.064227745
0.026212883 0.107581466
0.026213178 0.150964003
0.026213612 0.194386974
0.026213720 0.237862197
0.026210673 0.281399988
0.026192015 0.325006754
0.026119811 0.368682614
0.025921618 0.412419792
0.025533480 0.456201549
0.037776044 -0.478243139
0.038253744 -0.434724819
0.038540136 -0.391218252
0.038660434 -0.347735361
0.038696008 -0.304282026
0.038702923 -0.260859991
0.038703172 -0.217467559
0.038702502 -0.174100568
0.038702014 -0.130753540
0.038701782 -0.087420487
0.038701706 -0.044095180
0.038701799 -0.000771188
0.038702033 0.042558425
0.038702295 0.085901767
0.038702586 0.129268532
0.038703046 0.172669851
0.038703581 0.216117591
0.038702966 0.259623103
0.038695066 0.303195101
0.038657135 0.346837107
0.038533163 0.390545388
0.038245043 0.434307714
0.037771925 0.478101784
0.050528269 -0.456484996
0.050913178 -0.412970582
0.051105889 -0.369474546
0.051173547 -0.326005662
0.051189814 -0.282567721
0.051191749 -0.239160696
0.051191023 -0.195781483
0.051190234 -0.152425093
0.051189817 -0.109085732
0.051189648 -0.065757280
0.051189667 -0.022433400
0.051189922 0.020892516
0.051190272 0.064227901
0.051190599 0.107581661
0.051191023 0.150964299
0.051191708 0.194387420
0.051192144 0.237862838
0.051189517 0.281400940
0.051171578 0.325008187
0.051100660 0.368684637
0.050904581 0.412422339
0.050520879 0.456204036
0.062767163 -0.478245288
0.063236666 -0.434728138
0.063519736 -0.391221199
0.063638035 -0.347737618
0.063672318 -0.304283607
0.063678444 -0.260861068
0.063678119 -0.217468305
0.063677000 -0.174101057
0.063676261 -0.130753805
0.063675946 -0.087420589
0.063675858 -0.044095157
0.063676056 -0.000771054
0.063676497 0.042558616
0.063676927 0.085901979
0.063677330 0.129268817
0.063678000 0.172670293
0.063678881 0.216118228
0.063678665 0.259624023
0.063671343 0.303196507
0.063634503 0.346839213
0.063512395 0.390548237
0.063227618 0.434310999
0.062762926 0.478103928
0.075512260 -0.456488715
0.075891402 -0.412974487
0.076081259 -0.369477721
0.076147068 -0.326007958
0.076162232 -0.282569279
0.076163447 -0.239161771
0.076162131 -0.195782228
0.076160918 -0.152425543
0.076160336 -0.109085939
0.076160119 -0.065757318
0.076160178 -0.022433284
0.076160649 0.020892743
0.076161244 0.064228154
0.076161713 0.107581944
0.076162280 0.150964723
0.076163307 0.194388056
0.076164167 0.237863730
0.076162029 0.281402272
0.076144945 0.325010263
0.076075672 0.368687643
0.075882367 0.412426160
0.075504582 0.456207737
0.087755713 -0.478248338
0.088214255 -0.434732953
0.088492867 -0.391225499
0.088608546 -0.347740888
0.088641206 -0.304285852
0.088646399 -0.260862587
0.088645354 -0.217469381
0.088643618 -0.174101776
0.088642541 -0.130754183
0.088642136 -0.087420722
0.088642027 -0.044095096
0.088642387 -0.000770811
0.088643154 0.042558932
0.088643818 0.085902291
0.088644327 0.129269214
0.088645267 0.172670918
0.088646622 0.216119109
0.088646883 0.259625272
0.088640201 0.303198458
0.088604709 0.346842226
0.088485039 0.390552373
0.088204748 0.434315756
0.087751317 0.478106975
0.100491321 -0.456493925
0.100862636 -0.412980041
0.101048683 -0.369482241
0.101112092 -0.326011181
0.101125943 -0.282571426
0.101126308 -0.239163270
0.101124205 -0.195783301
0.101122388 -0.152426192
0.101121611 -0.109086222
0.101121340 -0.065757350
0.101121449 -0.022433072
0.101122277 0.020893126
0.101123253 0.064228540
0.101123882 0.107582333
0.101124584 0.150965310
0.101126095 0.194388939
0.101127505 0.237864924
0.101125885 0.281404051
0.101109767 0.325013129
0.101042610 0.368691891
0.100853003 0.412431576
0.100483247 0.456212922
0.112740921 -0.478252468
0.113184739 -0.434739626
0.113457312 -0.391231516
0.113569521 -0.347745438
0.113600162 -0.304288909
0.113604308 -0.260864645
0.113602367 -0.217470886
0.113599750 -0.174102812
0.113598211 -0.130754712
0.113597723 -0.087420889
0.113597576 -0.044094973
0.113598195 -0.000770396
0.113599501 0.042559435
0.113600497 0.085902730
0.113601069 0.129269745
0.113602349 0.172671784
0.113604375 0.216120294
0.113605178 0.259626896
0.113599122 0.303201051
0.113565260 0.346846374
0.113448806 0.390558131
0.113174590 0.434322336
0.112736290 0.478111104
0.125464024 -0.456500951
0.125824717 -0.412987666
0.126005652 -0.369488471
0.126065935 -0.326015552
0.126078301 -0.282574271
0.126077713 -0.239165295
0.126074543 -0.195784820
0.126071833 -0.152427114
0.126070844 -0.109086597
0.126070519 -0.065757366
0.126070683 -0.022432705
0.126072115 0.020893756
0.126073700 0.064229114
0.126074488 0.107582842
0.126075265 0.150966103
0.126077478 0.194390142
0.126079611 0.237866467
0.126078458 0.281406324
0.126063325 0.325016949
0.125998892 0.368697701
0.125814239 0.412438982
0.125455378 0.456219907
0.137721958 -0.478257875
0.138146146 -0.434748588
0.138410557 -0.391239703
0.138518143 -0.347751598
0.138546318 -0.304292928
0.138549408 -0.260867334
0.138546368 -0.217472952
0.138542454 -0.174104290
0.138540272 -0.130755436
0.138539746 -0.087421093
0.138539521 -0.044094750
0.138540554 -0.000769701
0.138542773 0.042560226
0.138544245 0.085903324
0.138544744 0.129270423
0.138546449 0.172672968
0.138549461 0.216121853
0.138550841 0.259628915
0.138545229 0.303204361
0.138513277 0.346851922
0.138401085 0.390565916
0.138135075 0.434331148
0.137716970 0.478116514
0.150428828 -0.456510153
0.150775245 -0.412997860
0.150949321 -0.369496858
0.151005520 -0.326021314
0.151016360 -0.282577906
0.151014807 -0.239167964
0.151010155 -0.195786956
0.151006079 -0.152428417
0.151004905 -0.109087083
0.151004534 -0.065757350
0.151004727 -0.022432088
0.151007200 0.020894783
0.151009775 0.064229954
0.151010665 0.107583469
0.151011333 0.150967150
0.151014618 0.194391767
0.151017721 0.237868391
0.151016820 0.281409090
0.151002495 0.325021882
0.150941575 0.368705453
0.150763555 0.412448837
0.150419336 0.456229044
0.162697961 -0.478264762
0.163096334 -0.434760315
0.163349802 -0.391250593
0.163451201 -0.347759754
0.163476447 -0.304298035
0.163478707 -0.260870729
0.163474346 -0.217475758
0.163468459 -0.174106403
0.163465364 -0.130756418
0.163464927 -0.087421331
0.163464523 -0.044094368
0.163466221 -0.000768546
0.163470000 0.042561461
0.163472154 0.085904097
0.163472255 0.129271244
0.163474482 0.172674578
0.163479008 0.216123866
0.163480942 0.259631296
0.163475270 0.303208408
0.163445459 0.346859163
0.163338944 0.390576198
0.163083923 0.434342640
0.162692423 0.478123409
0.175384130 -0.456521896
0.175711639 -0.413011181
0.175876531 -0.369507931
0.175927355 -0.326028711
0.175936934 -0.282582360
0.175934599 -0.239171402
0.175927842 -0.195789965
0.175921593 -0.152430259
0.175920365 -0.109087696
0.175919973 -0.065757278
0.175920083 -0.022431063
0.175924367 0.020896453
0.175928562 0.064231167
0.175929373 0.107584175
0.175929501 0.150968505
0.175934498 0.194393958
0.175938957 0.237870696
0.175937803 0.281412250
0.175923711 0.325028054
0.175867364 0.368715578
0.175698201 0.412461639
0.175373378 0.456240686
0.187668047 -0.478273310
0.188033062 -0.434775290
0.188272025 -0.391264798
0.188365075 -0.347770344
0.188386965 -0.304304277
0.188389094 -0.260874848
0.188383186 -0.217479546
0.188374190 -0.174109452
0.188369777 -0.130757735
0.188369719 -0.087421596
0.188368906 -0.044093741
0.188371663 -0.000766631
0.188378125 0.042563386
0.188381249 0.085905054
0.188380255 0.129272154
0.188383113 0.172676776
0.188390076 0.216126436
0.188392440 0.259633904
0.188385618 0.303213092
0.188358057 0.346868406
0.188259182 0.390589492
0.188018699 0.434357249
0.187661659 0.478131975
0.200328341 -0.456536495
0.200631258 -0.413028209
0.200783885 -0.369522302
0.200827510 -0.326037951
0.200836718 -0.282587535
0.200834155 -0.239175737
0.200824316 -0.195794240
0.200814489 -0.152432886
0.200813578 -0.109088443
0.200813213 -0.065757121
0.200812920 -0.022429380
0.200820377 0.020899171
0.200827236 0.064232900
0.200827536 0.107584847
0.200826197 0.150970224
0.200834065 0.194396937
0.200840523 0.237873333
0.200838103 0.281415527
0.200822934 0.325035507
0.200772673 0.368728551
0.200615304 0.412477879
0.200315707 0.456255126
0.212631309 -0.478283638
0.212954092 -0.434793931
0.213174098 -0.391282982
0.213255721 -0.347783850
0.213273951 -0.304311540
0.213277532 -0.260879601
0.213269862 -0.217484666
0.213255816 -0.174113920
0.213249458 -0.130759484
0.213250396 -0.087421870
0.213248674 -0.044092749
0.213253101 -0.000763464
0.213264196 0.042566391
0.213268684 0.085906147
0.213265195 0.129273012
0.213268798 0.172679817
0.213279850 0.216129702
0.213282371 0.259636434
0.213272283 0.303218094
0.213246851 0.346879953
0.213158420 0.390606322
0.212936890 0.434375327
0.212623617 0.478142335
0.225259990 -0.456554129
0.225531620 -0.413049482
0.225667885 -0.369540669
0.225701570 -0.326049145
0.225712490 -0.282593097
0.225710916 -0.239181083
0.225696434 -0.195800408
0.225680520 -0.152436676
0.225680817 -0.109089309
0.225680561 -0.065756855
0.225679073 -0.022426640
0.225692137 0.020903600
0.225703379 0.064235355
0.225702264 0.107585223
0.225697566 0.150972362
0.225710445 0.194401066
0.225720014 0.237876169
0.225714484 0.281418343
0.225695595 0.325044127
0.225653744 0.368744876
0.225512060 0.412497964
0.225244549 0.456272511
0.237586755 -0.478295738
0.237857327 -0.434816477
0.238052964 -0.391305833
0.238118626 -0.347800799
0.238133146 -0.304319403
0.238141329 -0.260884698
0.238131720 -0.217491638
0.238109269 -0.174120597
0.238099993 -0.130761779
0.238103169 -0.087422126
0.238099491 -0.044091238
0.238106536 -0.000758225
0.238125639 0.042571085
0.238132018 0.085907233
0.238123335 0.129273499
0.238127804 0.172684123
0.238145914 0.216133881
0.238148114 0.259638316
0.238130888 0.303222729
0.238107088 0.346894081
0.238033268 0.390627174
0.237836010 0.434397007
0.237577078 0.478154485
0.250177876 -0.456574689
0.250410755 -0.413075382
0.250525188 -0.369563819
0.250544531 -0.326062211
0.250561452 -0.282598296
0.250563212 -0.239187540
0.250541551 -0.195809481
0.250515022 -0.152442221
0.250518497 -0.109090230
0.250518488 -0.065756477
0.250513997 -0.022422215
0.250537044 0.020910825
0.250555479 0.064238801
0.250551184 0.107584773
0.250539396 0.150974971
0.250561280 0.194406956
0.250575910 0.237878960
0.250564094 0.281419637
0.250536473 0.325053542
0.250506888 0.368765073
0.250386053 0.412522088
0.250158260 0.456292682
0.262533103 -0.478309357
0.262740954 -0.434842770
0.262905880 -0.391333982
0.262948668 -0.347821752
0.262959867 -0.304326900
0.262978523 -0.260889516
0.262966871 -0.217501256
0.262930199 -0.174130794
0.262916475 -0.130764727
0.262924313 -0.087422319
0.262916577 -0.044089034
0.262927692 -0.000749556
0.262960622 0.042578425
0.262969578 0.085907973
0.262950673 0.129272972
0.262956117 0.172690411
0.262986615 0.216139337
0.262987749 0.259638561
0.262956574 0.303225711
0.262933337 0.346911042
0.262880544 0.390652418
0.262713705 0.434421991
0.262520422 0.478168183
0.275081275 -0.456597497
0.275267783 -0.413105912
0.275353052 -0.369592603
0.275350554 -0.326076696
0.275381789 -0.282601652
0.275391068 -0.239195141
0.275358098 -0.195823106
0.275312712 -0.152450449
0.275323555 -0.109091037
0.275324007 -0.065756056
0.275312595 -0.022415127
0.275353545 0.020922608
0.275383710 0.064243575
0.275372984 0.107582464
0.275346882 0.150978054
0.275385254 0.194415640
0.275408346 0.237881311
0.275384995 0.281417592
0.275339438 0.325063007
0.275328915 0.368789702
0.275235806 0.412550036
0.275055474 0.456314909
0.287468229 -0.478323776
0.287603515 -0.434871851
0.287730688 -0.391367817
0.287739760 -0.347847238
0.287748738 -0.304332033
0.287788338 -0.260892797
0.287774653 -0.217514703
0.287713717 -0.174146661
0.287693158 -0.130768350
0.287710251 -0.087422386
0.287694362 -0.044086020
0.287711761 -0.000735244
0.287768493 0.042589855
0.287780878 0.085907611
0.287742628 0.129270112
0.287749119 0.172699863
0.287801456 0.216146680
0.287800458 0.259635571
0.287743690 0.303224833
0.287719130 0.346931149
0.287697539 0.390682228
0.287567789 0.434449206
0.287451037 0.478182747
0.299970298 -0.456620771
0.300103899 -0.413140229
0.300150160 -0.369627780
0.300112471 -0.326091329
0.300173644 -0.282600270
0.300197528 -0.239203657
0.300146595 -0.195843852
0.300067268 -0.152462726
0.300094155 -0.109091315
0.300095390 -0.065755858
0.300068823 -0.022403939
0.300142106 0.020941682
0.300191217 0.064249925
0.300168322 0.107576196
0.300114091 0.150981388
0.300182966 0.194428800
0.300220324 0.237882621
0.300177060 0.281409257
0.300096953 0.325071289
0.300117960 0.368819476
0.300061753 0.412580907
0.299935406 0.456337446
0.312387869 -0.478337355
0.312443725 -0.434901153
0.312525993 -0.391406990
0.312484020 -0.347877469
0.312492975 -0.304330699
0.312571645 -0.260891871
0.312556118 -0.217533475
0.312453718 -0.174171540
0.312422643 -0.130772317
0.312457477 -0.087422224
0.312425708 -0.044082381
0.312452711 -0.000711876
0.312550204 0.042607232
0.312566998 0.085904279
0.312493219 0.129262091
0.312500699 0.172714293
0.312591383 0.216156897
0.312586849 0.259626869
0.312485018 0.303216499
0.312456177 0.346955034
0.312482243 0.390716506
0.312396087 0.434476269
0.312364017 0.478196683
0.324846594 -0.456640519
0.324924115 -0.413175597
0.324918190 -0.369669485
0.324820874 -0.326102992
0.324940894 -0.282588299
0.324990959 -0.239211692
0.324911523 -0.195875285
0.324770572 -0.152480741
0.324831130 -0.109090119
0.324833621 -0.065756576
0.324775004 -0.022386873
0.324907060 0.020971806
0.324986326 0.064257121
0.324941456 0.107561443
0.324832874 0.150983927
0.324958453 0.194449056
0.325019724 0.237882013
0.324943616 0.281390047
0.324799183 0.325076629
0.324875131 0.368855496
0.324868056 0.412612680
0.324798605 0.456356735
0.337282649 -0.478346668
0.337259557 -0.434924787
0.337290898 -0.391449206
0.337169911 -0.347911587
0.337182682 -0.304314494
0.337331072 -0.260880641
0.337314331 -0.217558303
0.337141336 -0.174209980
0.337094257 -0.130775181
0.337162032 -0.087421654
0.337100323 -0.044079293
0.337141749 -0.000674861
0.337308547 0.042631717
0.337330532 0.085893009
0.337193076 0.129242718
0.337201138 0.172736267
0.337358529 0.216171493
0.337348776 0.259608770
0.337170006 0.303195202
0.337132692 0.346984114
0.337233211 0.390754767
0.337195715 0.434498518
0.337249320 0.478207010
0.349714925 -0.456648430
0.349740569 -0.413205121
0.349665017 -0.369715883
0.349462563 -0.326104985
0.349694401 -0.282553781
0.349789154 -0.239213991
0.349665183 -0.195920465
0.349411702 -0.152505802
0.349541147 -0.109085126
0.349545569 -0.065760093
0.349420951 -0.022362433
0.349660433 0.021016144
0.349786526 0.064260697
0.349703189 0.107528120
0.349490833 0.150982796
0.349722070 0.194480141
0.349822825 0.237878206
0.349694550 0.281353292
0.349432735 0.325076747
0.349607868 0.368899579
0.349666176 0.412641294
0.349648840 0.456365954
0.362131490 -0.478344245
0.362045337 -0.434930587
0.362023410 -0.391487417
0.361778475 -0.347946756
0.361800675 -0.304267358
0.362069577 -0.260845318
0.362053576 -0.217585194
0.361762046 -0.174265945
0.361690808 -0.130772441
0.361818060 -0.087420393
0.361701534 -0.044080798
0.361764504 -0.000620125
0.362047266 0.042659527
0.362073931 0.085861330
0.361824614 0.129199137
0.361832573 0.172769535
0.362104309 0.216192221
0.362087518 0.259576400
0.361781027 0.303152379
0.361729887 0.347021853
0.361948331 0.390795314
0.361960789 0.434507341
0.362085664 0.478207342
0.374587374 -0.456626689
0.374578842 -0.413213862
0.374411907 -0.369761141
0.374018327 -0.326085129
0.374457731 -0.282474472
0.374626515 -0.239194482
0.374435761 -0.195977581
0.373976486 -0.152533715
0.374243806 -0.109071972
0.374251083 -0.065770183
0.373993656 -0.022334463
0.374430188 0.021073100
0.374625447 0.064244773
0.374476149 0.107456274
0.374067908 0.150971316
0.374496705 0.194527553
0.374660538 0.237869629
0.374452991 0.281288654
0.373978830 0.325069553
0.374337422 0.368954662
0.374481875 0.412658766
0.374498185 0.456350668
0.386886481 -0.478315427
0.386784742 -0.434890440
0.386715345 -0.391509476
0.386275688 -0.347977502
0.386312995 -0.304162199
0.386783048 -0.260757324
0.386775502 -0.217598711
0.386288379 -0.174335242
0.386184044 -0.130747823
0.386412953 -0.087418209
0.386201659 -0.044102654
0.386293735 -0.000551519
0.386767575 0.042675401
0.386791551 0.085780763
0.386351810 0.129107972
0.386358999 0.172818255
0.386823234 0.216225569
0.386798285 0.259518907
0.386284423 0.303075847
0.386214738 0.347075422
0.386620335 0.390837183
0.386676745 0.434481761
0.386826468 0.478184630
0.399491057 -0.456536325
0.399495451 -0.413168827
0.399207059 -0.369801970
0.398461335 -0.326023985
0.399276904 -0.282308140
0.399567842 -0.239125497
0.399281612 -0.196026277
0.398448594 -0.152541283
0.398989400 -0.109023410
0.399000657 -0.065814123
0.398478327 -0.022325685
0.399274697 0.021122617
0.399567199 0.064182090
0.399303632 0.107302399
0.398533332 0.150936679
0.399327682 0.194605332
0.399595703 0.237852840
0.399266184 0.281176408
0.398412531 0.325052897
0.399112711 0.369033906
0.399374006 0.412644581
0.399376481 0.456276626
0.411438016 -0.478216702
0.411432465 -0.434754725
0.411344161 -0.391488122
0.410591257 -0.348019611
0.410645106 -0.303937922
0.411445358 -0.260579751
0.411457317 -0.217570170
0.410662863 -0.174389509
0.410517764 -0.130623832
0.410933569 -0.087415759
0.410544546 -0.044222761
0.410672171 -0.000497382
0.411446301 0.042651698
0.411456544 0.085613182
0.410693957 0.128904098
0.410701768 0.172911716
0.411489329 0.216271325
0.411455216 0.259427776
0.410608797 0.302928552
0.410518602 0.347180620
0.411229859 0.390871187
0.411304520 0.434380409
0.411366024 0.478097304
0.424496703 -0.456293600
0.424607098 -0.413021934
0.424168146 -0.369825472
0.422738596 -0.325904585
0.424255531 -0.281992886
0.424731470 -0.238969820
0.424311125 -0.196048049
0.422799051 -0.152384922
0.423913400 -0.108871940
0.423929507 -0.065962524
0.422847512 -0.022482154
0.424302030 0.021148981
0.424730542 0.064033703
0.424287682 0.107000708
0.422821214 0.150853189
0.424322322 0.194728863
0.424744630 0.237823579
0.424242634 0.280986269
0.422685661 0.325038563
0.424053120 0.369148266
0.424467199 0.412563592
0.424361016 0.456065002
0.435533190 -0.478064454
0.435875745 -0.434420320
0.434583567 -0.347988879
0.434629310 -0.303638542
0.436006391 -0.217524025
0.434695185 -0.174273806
0.434605927 -0.130211713
0.435365186 -0.087415623
0.434643164 -0.044638117
0.434706559 -0.000610229
0.435992840 0.042612073
0.434678949 0.128626313
0.434690599 0.172945460
0.434591259 0.302787909
0.434504095 0.347285760
0.435702720 0.390901644
0.435742792 0.434108257
0.435458429 0.477962483
0.435826625 -0.391417648
0.435961605 -0.260221806
0.435974302 0.085262041
0.436006678 0.216381567
0.435965408 0.259240512
0.446891855 -0.325693376
0.447012454 -0.151965984
0.447081812 -0.022900869
0.446967640 0.150678660
0.446846430 0.325030904
0.449708376 -0.456132512
0.450174910 -0.412655795
0.449463409 -0.369545194
0.449518760 -0.281797459
0.450390699 -0.238702699
0.449630063 -0.195642833
0.449332071 -0.108403655
0.449354888 -0.066448581
0.449619341 0.020749930
0.450391519 0.063769177
0.449550380 0.106811835
0.449598841 0.194561438
0.450378254 0.237772606
0.449511560 0.281027999
0.449342535 0.369033860
0.450034242 0.412303353
0.449568595 0.455954102
0.458068132 -0.347774654
0.458081507 -0.303353637
0.458172989 -0.173819402
0.458182385 -0.001063383
0.458118399 0.128356476
0.458133835 0.172789740
0.458051491 0.302770600
0.457996341 0.347279802
0.458801901 -0.478063779
0.459594876 -0.434627475
0.459743781 -0.390385192
0.459856899 -0.260682862
0.459876056 -0.216364148
0.458129761 -0.129585865
0.459724985 -0.087445104
0.458165546 -0.045267160
0.459864292 0.041455291
0.459871047 0.085718803
0.459865116 0.215507601
0.459832559 0.259968821
0.459644961 0.390036596
0.459481589 0.434397475
0.458741260 0.477991373
0.471133146 -0.325471325
0.471261831 -0.151478930
0.471354866 -0.023373449
0.471184234 0.150483077
0.471127347 0.325028728
0.475504165 -0.457840888
0.475798229 -0.412361087
0.475561848 -0.366475223
0.475599466 -0.284224740
0.475936657 -0.238157670
0.475653835 -0.192220293
0.475590842 -0.110207769
0.475597789 -0.064730612
0.475645093 0.017337465
0.475941727 0.063206244
0.475618906 0.109236598
0.475626509 0.191555751
0.475913474 0.237655905
0.475572928 0.283787514
0.475487947 0.366227910
0.475711244 0.412190374
0.475387960 0.457706217
0.480730253 -0.435512837
0.480715127 -0.388938683
0.480751269 -0.261516772
0.480741830 -0.214574560
0.480816950 -0.087478880
0.480746013 0.039651450
0.480761945 0.086541839
0.480734644 0.214106719
0.480725695 0.261151596
0.480675783 0.388787241
0.480685026 0.435396473
0.481185956 0.479743838
0.481223531 -0.479833713
0.481358030 -0.343555931
0.481298563 -0.307165162
0.481488748 -0.169385118
0.481295944 -0.133001202
0.481286482 -0.041946275
0.481509688 -0.005426099
0.481311760 0.132166313
0.481371780 0.168603030
0.481292797 0.306757474
0.481282872 0.343287740
3714
139 140 1934
1021 1043 1066
1027 1072 1050
437 483 460
809 831 786
786 831 810
1924 150 151
7 6 186
186 6 168
1086 1064 1041
1041 1063 1086
1086 1063 1108
88 90 1241
1427 1449 1472
1399 1376 1421
1421 1376 96
96 1376 94
64 66 701
701 66 746
460 483 505
589 611 634
62 611 60
634 611 656
64 701 656
656 62 64
611 62 656
60 611 566
566 589 544
611 589 566
544 522 499
499 522 477
593 615 638
1230 1207 1252
428 405 450
1021 1066 1044
987 1008 1027
963 1008 987
986 1008 963
805 826 850
850 827 805
806 783 760
189 209 245
545 525 501
501 522 545
477 522 501
389 434 412
281 299 323
369 391 414
188 12 11
61 614 63
569 614 61
633 636 591
854 831 809
854 875 899
810 831 855
764 786 810
764 742 719
719 742 696
696 742 720
138 1906 137
1896 139 1934
1226 1181 1203
1267 1222 1244
1226 1203 1248
1294 1316 1339
1339 1316 1361
1317 1294 1339
1272 1294 1317
1317 1295 1272
1340 1295 1317
1180 1203 1158
1158 1203 1181
1370 1348 1325
1325 1347 1370
1370 1347 1392
1346 1323 1368
1119 1097 1074
1142 1097 1119
1659 1704 1682
1318 1296 1273
1273 1295 1318
1318 1295 1340
1477 1432 1454
1322 1299 1344
1432 1410 1387
1342 1364 1387
1935 145 146
1909 145 1935
8 7 161
161 7 186
343 321 297
252 206 229
229 206 184
5 168 6
52 386 50
50 386 341
1018 1063 1041
1130 1153 1108
1175 1153 1130
1241 1264 1219
1310 1288 1265
1241 90 1286
1286 1264 1241
1264 1286 1309
82 1061 80
1084 1061 1106
1106 82 84
1061 82 1106
1084 1062 1039
1039 1061 1084
1383 1360 1405
1514 1536 1559
1604 1582 1559
1560 1582 1605
1627 1582 1604
1650 1605 1627
1627 1605 1582
98 1421 96
1647 1602 1624
1670 1625 1647
1647 1625 1602
1378 1355 1400
1512 1467 1489
746 66 68
791 68 70
746 68 791
836 791 70
814 791 836
634 656 679
679 656 701
1002 1043 1021
713 690 668
642 597 619
619 597 574
415 393 370
415 437 460
370 393 348
612 589 634
60 566 58
366 321 343
548 571 526
593 571 548
601 646 624
1162 1207 1185
1185 1207 1230
1095 1050 1072
1297 1342 1320
1297 1252 1274
1365 1343 1320
1320 1342 1365
1342 1387 1365
1365 1387 1410
1275 1253 1230
1230 1252 1275
1275 1297 1320
1252 1297 1275
1276 1253 1298
1253 1275 1298
1320 1343 1298
1298 1275 1320
1186 1163 1208
1163 1185 1208
1230 1253 1208
1208 1185 1230
21 192 22
163 192 21
263 211 248
248 211 192
237 264 289
266 291 238
212 264 237
564 542 518
564 586 609
587 564 609
542 564 587
587 610 565
565 542 587
518 542 497
585 608 563
608 586 563
238 291 267
630 608 585
585 562 607
607 630 585
652 630 607
607 562 584
584 606 629
629 606 651
629 607 584
652 607 629
447 469 493
583 538 560
561 606 584
561 538 583
583 606 561
490 535 512
828 783 806
807 783 828
897 873 919
963 987 941
941 964 919
987 964 941
962 986 940
940 986 963
919 873 896
896 941 919
759 805 782
782 805 827
782 827 806
806 760 782
668 690 645
189 14 13
258 245 283
16 172 190
15 172 16
15 202 172
221 202 246
172 202 221
234 190 221
221 190 172
162 14 189
162 15 14
202 15 162
20 163 21
411 434 389
389 366 411
457 412 434
480 501 525
480 457 434
389 412 367
435 481 458
435 457 481
412 457 435
459 437 414
483 437 459
458 482 436
482 459 436
414 391 436
436 459 414
526 571 549
549 571 594
324 369 347
346 369 324
391 369 346
302 326 283
302 348 326
198 227 241
37 199 38
279 317 272
272 242 279
272 317 295
69 67 751
71 69 797
797 69 751
887 864 842
842 864 819
65 63 661
661 63 614
637 661 614
682 661 637
57 55 479
614 569 592
592 637 614
479 55 432
633 591 588
588 543 565
565 610 588
588 610 633
876 855 831
876 854 899
831 854 876
1933 138 139
139 1896 1933
1906 138 1933
136 1905 135
132 1919 131
135 1905 1932
1720 1742 1765
1698 1675 1720
1917 124 125
1900 124 1917
114 1781 112
120 1928 118
118 1928 1879
1880 1855 1827
1900 1855 1880
1550 1528 1505
1460 1482 1505
1225 1203 1180
1180 1202 1225
1270 1248 1225
1225 1248 1203
1293 1248 1270
1266 1288 1311
1266 1244 1221
1176 1221 1199
1221 1244 1199
1199 1244 1222
1311 1334 1289
1289 1266 1311
1244 1266 1289
1267 1244 1289
1356 1334 1311
1356 1378 1401
1401 1424 1379
1379 1356 1401
1334 1356 1379
1379 1424 1402
1538 1515 1560
1537 1582 1560
1560 1515 1537
1514 1559 1537
1537 1559 1582
1268 1290 1313
1245 1222 1267
1267 1290 1245
1290 1268 1245
1312 1290 1267
1267 1289 1312
1312 1289 1334
1316 1294 1271
1226 1248 1271
1271 1293 1316
1248 1293 1271
1272 1295 1250
1250 1295 1273
1362 1317 1339
1340 1317 1362
1136 1158 1181
1181 1159 1136
1136 1159 1114
1182 1205 1160
1204 1181 1226
1204 1159 1181
1204 1182 1159
1273 1296 1251
1251 1296 1274
1184 1207 1162
1161 1206 1184
1160 1205 1183
1183 1206 1161
1072 1094 1117
1117 1095 1072
1049 1072 1027
1049 1094 1072
1027 1008 1049
1070 1047 1092
1235 1257 1280
1280 1258 1235
1302 1257 1279
1302 1280 1257
1302 1347 1325
1325 1280 1302
1393 1371 1348
1348 1370 1393
1345 1300 1322
1345 1368 1323
1323 1300 1345
1278 1256 1233
1233 1255 1278
1278 1300 1323
1255 1300 1278
1279 1257 1234
1234 1256 1279
1279 1256 1301
1256 1278 1301
1301 1323 1346
1301 1278 1323
1386 1408 1431
1588 1633 1611
1454 1431 1476
1523 1500 1545
1545 1568 1523
1684 1661 1706
1661 1683 1706
1615 1593 1570
1550 1505 1527
1527 1505 1482
1504 1527 1482
1549 1527 1504
1363 1408 1386
1363 1318 1340
1409 1364 1386
1409 1431 1454
1386 1431 1409
1409 1387 1364
1454 1432 1409
1432 1387 1409
1386 1364 1341
1296 1318 1341
1341 1363 1386
1318 1363 1341
1499 1477 1454
1454 1476 1499
1545 1500 1522
1500 1477 1522
1522 1499 1544
1477 1499 1522
1322 1344 1367
1367 1345 1322
1456 1434 1411
1411 1433 1456
1479 1456 1501
1434 1456 1479
1412 1434 1457
1435 1412 1457
1457 1479 1502
1434 1479 1457
1455 1433 1410
1455 1477 1500
1455 1410 1432
1432 1477 1455
81 1083 83
85 83 1128
1128 83 1083
980 77 933
1195 1217 1240
1240 1218 1195
1240 1217 1262
1263 1218 1240
89 1263 91
1218 1263 89
1375 1352 1397
101 99 1488
1488 99 1443
1551 1596 1574
1416 1393 1438
1371 1393 1416
1483 1438 1460
1460 1505 1483
1483 1505 1528
1329 1352 1307
1326 1371 1349
1348 1371 1326
153 1937 152
1924 151 1912
151 152 1912
1912 152 1937
157 1914 156
156 1914 1925
1925 155 156
1913 155 1925
160 1927 159
117 115 1843
1869 1914 1892
1734 1711 1756
154 155 1913
1935 146 1897
1852 1897 1876
1934 140 1907
1908 142 143
1775 1798 1753
1776 1754 1731
1799 1754 1776
1731 1753 1776
1776 1753 1798
1776 1821 1799
1776 1798 1821
1681 1726 1704
1681 1659 1636
1704 1659 1681
1703 1726 1681
1749 1726 1771
1704 1726 1749
1622 1667 1645
109 1713 111
296 46 48
50 341 48
48 341 296
3 2 184
1 42 166
166 2 1
184 2 166
184 206 167
4 3 167
167 3 184
252 229 274
274 297 252
54 56 476
364 341 386
386 409 364
1063 1018 1040
1131 1086 1108
1108 1153 1131
1131 1153 1176
1198 1221 1176
1176 1153 1198
1198 1153 1175
1108 1063 1085
1085 1130 1108
1063 1040 1085
1085 1040 1062
1107 1062 1084
1107 1085 1062
1130 1085 1107
1196 88 1241
1241 1219 1196
1264 1309 1287
1310 1265 1287
1242 1287 1265
1264 1287 1242
1197 1219 1242
1242 1219 1264
92 1286 90
1354 1376 1399
1331 1309 1286
1331 94 1376
1376 1354 1331
1331 1354 1309
1331 92 94
1286 92 1331
1042 1064 1087
1087 1065 1042
1110 1065 1087
1088 1066 1043
1043 1065 1088
1088 1065 1110
1561 1539 1516
1516 1538 1561
104 1556 102
1624 1602 1579
1648 1625 1670
1581 1626 1604
1604 1559 1581
1581 1559 1536
1581 1536 1558
1584 1539 1561
1650 1695 1673
1672 1695 1650
1650 1627 1672
1558 1535 1580
1602 1625 1580
1624 1646 1669
1669 1647 1624
1311 1288 1333
1333 1356 1311
1378 1356 1333
1355 1378 1333
1310 1355 1333
1333 1288 1310
1466 98 100
1421 98 1466
72 836 70
724 747 702
702 679 724
724 701 746
724 679 701
769 791 814
747 724 769
746 791 769
769 724 746
770 815 793
658 680 703
638 615 658
638 658 683
683 658 703
594 639 617
939 985 962
575 597 620
620 597 642
575 620 598
598 620 643
622 644 668
668 645 622
622 645 600
690 713 736
759 714 736
736 714 690
529 505 551
551 574 529
574 597 552
552 529 574
506 529 552
552 597 575
596 574 551
596 619 574
596 551 573
573 618 596
374 352 329
222 261 247
235 261 222
222 191 235
174 191 222
556 578 601
511 535 490
419 442 397
397 374 419
352 374 397
442 420 397
375 352 397
397 420 375
577 622 600
488 509 533
578 556 533
635 658 615
680 658 635
545 522 567
589 612 567
544 589 567
567 522 544
56 58 521
476 56 521
521 499 476
521 58 566
521 566 544
544 499 521
388 366 343
388 409 433
433 411 388
388 411 366
343 364 388
388 364 409
433 409 454
476 499 454
477 433 454
454 499 477
616 593 638
616 571 593
616 639 594
594 571 616
615 593 570
593 548 570
570 548 525
570 525 545
670 624 646
670 691 715
670 646 691
1028 1050 1073
1050 1095 1073
1319 1364 1342
1342 1297 1319
1319 1297 1274
1274 1296 1319
1296 1341 1319
1319 1341 1364
1276 1299 1254
1186 1209 1164
1142 1119 1164
1343 1365 1388
1388 1366 1343
1410 1433 1388
1388 1365 1410
1388 1433 1411
1411 1366 1388
23 22 175
175 22 192
192 211 175
203 222 247
174 222 203
203 20 174
163 20 203
192 163 223
223 248 192
223 262 248
247 262 223
223 203 247
163 203 223
399 444 422
237 224 194
194 212 237
176 212 194
194 25 176
26 25 194
249 224 265
237 289 265
265 224 237
249 266 225
225 266 238
176 25 24
236 211 263
264 212 236
354 308 331
628 606 583
651 606 628
809 786 763
809 763 785
785 763 740
565 543 519
519 542 565
519 497 542
451 406 428
585 563 540
540 562 585
516 562 540
541 563 586
541 564 518
586 564 541
32 197 33
165 197 226
33 197 165
29 178 30
213 267 239
238 267 213
358 335 380
380 335 357
291 266 311
311 335 291
357 335 311
447 425 402
357 379 402
402 380 357
425 380 402
310 265 289
675 629 651
675 696 720
651 696 675
652 629 675
697 675 720
652 675 697
470 425 447
447 493 470
448 425 470
514 560 538
514 493 469
538 493 514
378 400 423
424 446 469
424 469 447
447 402 424
424 402 379
1021 1044 1003
852 897 874
873 897 852
807 828 852
852 828 873
898 853 874
875 853 898
899 875 921
875 898 921
921 898 943
1052 1097 1075
1074 1097 1052
988 964 1009
1009 1050 1028
1028 988 1009
1009 964 987
1027 1050 1009
1009 987 1027
851 896 873
851 828 806
873 828 851
806 827 851
918 940 963
895 940 918
963 941 918
941 896 918
737 782 760
715 691 737
737 760 715
759 782 737
691 714 737
737 714 759
691 646 669
669 714 691
690 714 669
669 645 690
171 13 12
189 13 171
171 209 189
171 188 209
12 188 171
16 190 17
286 261 235
235 260 286
329 286 305
305 286 260
246 202 220
202 162 220
220 258 246
245 258 220
189 245 220
220 162 189
174 20 19
18 191 19
19 191 174
210 190 234
235 191 210
210 260 235
234 260 210
434 411 456
456 480 434
501 480 456
477 501 456
456 433 477
456 411 433
525 548 502
502 480 525
457 480 502
481 457 502
526 481 502
502 548 526
321 366 344
344 366 389
389 367 344
390 367 412
412 435 390
528 550 573
573 551 528
528 505 483
551 505 528
504 459 482
550 528 504
483 459 504
504 528 483
526 549 503
503 481 526
458 481 503
503 482 458
299 281 254
254 280 299
280 254 231
280 231 253
324 347 301
392 347 369
437 415 392
392 415 370
370 347 392
414 437 392
392 369 414
170 188 11
8 161 201
257 302 283
276 302 257
283 245 257
257 245 209
41 183 43
228 183 200
45 43 228
228 43 183
40 183 41
40 39 200
200 183 40
215 198 241
215 242 199
199 242 216
216 242 272
316 294 339
49 47 318
49 342 51
318 342 49
318 295 320
320 342 318
365 342 320
320 295 317
705 750 729
729 682 705
796 842 819
796 750 773
706 67 65
65 661 706
751 67 706
706 661 682
706 729 751
682 729 706
682 637 660
705 682 660
660 681 705
636 681 660
59 569 61
53 432 55
362 339 384
316 339 362
317 279 340
340 279 316
316 362 340
340 362 385
546 520 543
543 588 546
546 588 591
546 591 568
430 408 385
478 500 455
479 432 455
455 500 479
523 500 478
478 520 523
523 546 568
520 546 523
547 592 569
500 523 547
568 592 547
547 523 568
632 587 609
610 587 632
700 678 723
922 876 899
857 879 834
834 879 858
901 877 923
1906 1933 1886
1886 1933 1896
1920 136 137
137 1906 1920
1906 1885 1920
1905 136 1920
1920 1885 1905
130 131 1903
1903 131 1919
1787 1765 1742
1810 1765 1787
1831 1810 1859
1859 1873 1831
1931 1873 1904
1904 1919 132
1904 1873 1859
132 133 1904
1904 133 1931
135 1932 134
1931 133 134
1895 1873 1931
1931 134 1895
1895 134 1932
1518 1495 1540
1766 1744 1721
123 124 1900
1901 1917 125
1901 1871 1856
1844 1806 1783
1856 1806 1844
1900 1917 1881
1881 1855 1900
1881 1844 1855
1856 1844 1881
1881 1901 1856
1917 1901 1881
121 1928 120
116 118 1879
1899 121 122
1928 121 1899
1879 1928 1899
1826 1804 1781
1826 1781 114
114 116 1826
1826 116 1879
1879 1899 1854
1854 1899 1880
1854 1826 1879
1804 1826 1854
1854 1880 1827
1827 1804 1854
1783 1806 1761
1618 1596 1573
1573 1528 1550
1551 1528 1573
1573 1596 1551
1641 1596 1618
1595 1640 1618
1595 1573 1550
1618 1573 1595
1247 1225 1202
1247 1269 1292
1247 1292 1270
1270 1225 1247
1246 1269 1224
1224 1247 1202
1269 1247 1224
1315 1293 1270
1270 1292 1315
1337 1360 1315
1315 1292 1337
1316 1293 1338
1383 1361 1338
1338 1361 1316
1293 1315 1338
1338 1360 1383
1338 1315 1360
1291 1269 1246
1246 1268 1291
1291 1268 1313
1402 1424 1447
1424 1469 1447
1425 1448 1403
1402 1447 1425
1515 1538 1493
1471 1448 1493
1493 1516 1471
1538 1516 1493
1357 1312 1334
1357 1379 1402
1334 1379 1357
1337 1359 1382
1382 1360 1337
1427 1405 1382
1382 1405 1360
1404 1449 1427
1427 1382 1404
1404 1382 1359
1340 1362 1385
1385 1363 1340
1408 1363 1385
1158 1136 1113
1091 1136 1114
1091 1046 1068
1068 1113 1091
1091 1113 1136
1205 1182 1227
1272 1250 1227
1227 1250 1205
1182 1204 1227
1114 1159 1137
1159 1182 1137
1137 1092 1114
1137 1182 1160
1249 1204 1226
1226 1271 1249
1249 1271 1294
1249 1227 1204
1249 1294 1272
1272 1227 1249
1207 1184 1229
1274 1252 1229
1229 1252 1207
1229 1184 1206
1229 1251 1274
1206 1251 1229
1161 1184 1139
1139 1117 1094
1139 1184 1162
1162 1117 1139
1228 1183 1205
1228 1250 1273
1205 1250 1228
1206 1183 1228
1273 1251 1228
1228 1251 1206
1095 1117 1140
1140 1185 1163
1162 1185 1140
1140 1117 1162
1008 986 1026
1026 1049 1008
1160 1183 1138
1138 1183 1161
1025 985 1006
1006 1047 1025
1047 1070 1025
1436 1414 1391
1346 1368 1391
1391 1413 1436
1368 1413 1391
1324 1301 1346
1279 1301 1324
1324 1302 1279
1347 1302 1324
1392 1347 1369
1369 1414 1392
1347 1324 1369
1369 1324 1346
1346 1391 1369
1369 1391 1414
1392 1414 1437
1437 1482 1460
1258 1280 1303
1348 1326 1303
1325 1348 1303
1303 1280 1325
1415 1393 1370
1415 1370 1392
1460 1438 1415
1438 1393 1415
1415 1437 1460
1392 1437 1415
1143 1165 1188
1187 1165 1142
1142 1164 1187
1187 1164 1209
1120 1165 1143
1075 1097 1120
1120 1097 1142
1142 1165 1120
1436 1413 1458
1458 1413 1435
1611 1633 1656
1566 1588 1611
1611 1589 1566
1566 1589 1544
1612 1635 1590
1590 1568 1545
1590 1613 1568
1635 1613 1590
1591 1613 1636
1568 1613 1591
1570 1525 1547
1547 1525 1502
1684 1706 1729
1729 1707 1684
1752 1707 1729
1637 1659 1682
1660 1637 1682
1615 1637 1660
1593 1615 1638
1638 1616 1593
1638 1660 1683
1615 1660 1638
1638 1683 1661
1661 1616 1638
1459 1414 1436
1459 1437 1414
1459 1504 1482
1482 1437 1459
1549 1504 1526
1545 1522 1567
1567 1590 1545
1612 1590 1567
1567 1589 1612
1544 1589 1567
1567 1522 1544
1389 1367 1344
1344 1366 1389
1389 1434 1412
1412 1367 1389
1411 1434 1389
1389 1366 1411
1345 1367 1390
1368 1345 1390
1390 1412 1435
1390 1367 1412
1435 1413 1390
1390 1413 1368
1276 1298 1321
1321 1299 1276
1321 1298 1343
1343 1366 1321
1321 1344 1299
1321 1366 1344
1478 1523 1501
1501 1456 1478
1478 1456 1433
1500 1523 1478
1478 1455 1500
1433 1455 1478
1502 1479 1524
1524 1547 1502
1569 1547 1524
1524 1479 1501
1150 1128 1105
1105 1128 1083
85 1128 1173
1173 1128 1150
1150 1195 1173
1173 1195 1218
1038 1083 81
77 980 79
79 1038 81
980 1038 79
956 980 933
1240 1262 1285
1285 1262 1307
1285 1263 1240
1239 1262 1217
1239 1216 1261
1443 99 97
1420 1375 1397
1394 1372 1349
1349 1371 1394
1371 1416 1394
1394 1416 1439
1506 1528 1551
1506 1483 1528
1349 1372 1327
933 77 75
953 948 976
1057 1034 1079
1124 1146 1169
1214 1192 1169
1168 1145 1190
1258 1236 1213
1168 1190 1213
1235 1258 1213
1213 1190 1235
1191 1146 1168
1168 1213 1191
1191 1213 1236
1191 1236 1214
1214 1169 1191
1191 1169 1146
1214 1236 1259
1216 1171 1193
1102 1079 1124
1057 1079 1102
1924 1912 1890
1877 1912 1937
1898 1937 153
1898 1877 1937
1853 1877 1898
115 113 1803
1843 115 1803
119 1927 160
1893 117 1843
1893 119 117
1927 119 1893
158 159 1915
1915 159 1927
1927 1893 1915
1843 1803 1825
1913 1925 1891
1891 1868 1913
1891 1914 1869
1891 1925 1914
1853 1898 1878
1913 1868 1878
1802 1824 1842
1842 1825 1802
1869 1892 1842
1842 1824 1869
1756 1778 1801
1801 1778 1823
1756 1711 1733
1733 1778 1756
1823 1778 1800
1936 146 147
1936 1897 146
1876 1897 1936
1838 1852 1876
1935 1897 1875
1897 1852 1875
1875 1852 1837
1837 1864 1875
1875 1909 1935
1875 1864 1909
1910 1936 147
1876 1936 1910
1752 1729 1774
141 1907 140
1874 1896 1934
1934 1907 1874
1793 1816 1771
1836 1816 1793
1817 1864 1837
1837 1795 1817
1817 1795 1772
1909 1864 1888
145 1909 144
1727 1749 1772
1682 1704 1727
1704 1749 1727
1818 1838 1796
1852 1838 1818
1837 1852 1818
1818 1795 1837
1751 1729 1706
1796 1774 1751
1751 1774 1729
105 103 1578
107 105 1623
1623 105 1578
1600 1623 1578
1645 1623 1600
1622 1645 1600
1600 1577 1622
1397 1419 1442
1442 1420 1397
1464 1419 1441
1487 1442 1464
1464 1442 1419
1441 1419 1396
217 42 44
217 166 42
217 229 184
184 166 217
185 167 206
168 5 185
185 5 4
4 167 185
52 54 431
386 52 431
431 409 386
431 54 476
476 454 431
431 454 409
343 297 319
319 364 343
319 274 296
297 274 319
296 341 319
341 364 319
995 1040 1018
950 905 927
927 905 882
882 904 927
927 904 949
882 905 860
860 837 882
815 837 860
860 905 883
906 951 929
949 904 926
1016 78 80
80 1061 1016
1061 1039 1016
1220 1198 1175
1220 1242 1265
1220 1175 1197
1197 1242 1220
1243 1265 1288
1221 1198 1243
1243 1220 1265
1198 1220 1243
1243 1266 1221
1288 1266 1243
1130 1107 1152
1197 1175 1152
1175 1130 1152
88 1196 86
1377 1354 1399
1399 1422 1377
1400 1355 1377
1377 1422 1400
1043 1002 1020
1020 1065 1043
1002 975 1020
1042 1065 1020
1109 1087 1064
1064 1086 1109
1086 1131 1109
1471 1516 1494
1494 1516 1539
1494 1449 1471
1494 1472 1449
1406 1361 1383
1383 1405 1428
1428 1406 1383
1451 1406 1428
106 108 1646
1601 1579 1556
1601 1556 104
1601 1646 1624
1624 1579 1601
104 106 1601
1601 106 1646
1557 1579 1602
1557 1535 1512
1602 1580 1557
1557 1580 1535
1556 1579 1534
1512 1489 1534
1534 1557 1512
1579 1557 1534
1693 1648 1670
1626 1648 1671
1671 1693 1716
1648 1693 1671
1628 1673 1651
1628 1605 1650
1650 1673 1628
1652 1630 1607
1675 1630 1652
1490 1467 1512
1512 1535 1490
1401 1378 1423
1423 1378 1400
1446 1424 1401
1446 1469 1424
1401 1423 1446
1446 1423 1468
1558 1536 1513
1513 1535 1558
1513 1490 1535
1468 1490 1513
1625 1648 1603
1603 1580 1625
1558 1580 1603
1603 1648 1626
1603 1581 1558
1626 1581 1603
1489 1466 1511
1556 1534 1511
1511 1534 1489
1511 102 1556
100 102 1511
1511 1466 100
1399 1421 1444
1421 1466 1444
1444 1466 1489
1444 1422 1399
1467 1422 1444
1444 1489 1467
814 837 792
792 769 814
747 769 792
792 770 747
792 837 815
815 770 792
748 770 793
703 680 725
725 748 703
770 748 725
747 770 725
702 747 725
725 680 702
595 617 640
595 640 618
595 618 573
573 550 595
640 617 663
663 684 708
663 617 639
639 684 663
572 595 550
617 595 572
572 549 594
594 617 572
754 709 731
618 640 664
917 939 962
962 940 917
917 940 895
826 805 781
781 805 759
759 736 781
870 849 825
530 552 575
506 552 530
575 598 553
553 530 575
507 530 553
460 505 484
505 529 484
484 529 506
394 439 417
416 439 394
371 348 393
393 416 371
326 348 371
416 394 371
259 221 246
234 221 259
510 556 534
488 533 510
510 533 556
490 444 466
466 511 490
398 353 375
375 420 398
465 442 488
465 420 442
488 510 465
555 577 600
555 533 509
600 578 555
578 533 555
532 555 509
577 555 532
576 553 598
702 680 657
680 635 657
657 635 612
657 679 702
634 679 657
657 612 634
590 635 615
615 570 590
590 570 545
612 635 590
545 567 590
590 567 612
715 760 738
738 760 783
1028 1073 1051
1118 1073 1095
1118 1140 1163
1095 1140 1118
1276 1254 1231
1231 1254 1209
1231 1209 1186
1186 1208 1231
1231 1253 1276
1231 1208 1253
263 248 288
248 262 288
288 308 263
331 308 288
307 353 331
331 288 307
307 288 262
467 512 491
467 422 444
467 444 490
490 512 467
28 27 164
177 27 26
26 194 177
177 194 224
164 225 195
195 178 29
195 225 238
29 28 195
195 28 164
238 213 195
195 213 178
193 24 23
23 175 193
176 24 193
193 212 176
193 236 212
193 175 211
211 236 193
399 422 377
377 354 399
377 422 400
650 628 605
605 627 650
583 560 605
605 628 583
674 628 650
719 696 674
674 696 651
651 628 674
741 763 786
741 764 719
786 764 741
740 763 718
718 694 740
763 741 718
830 853 875
875 854 830
830 854 809
809 785 830
853 830 808
808 830 785
473 451 428
497 451 473
518 497 473
473 428 450
179 32 31
197 32 179
179 214 197
35 198 36
268 214 239
226 197 240
197 214 240
240 268 292
214 268 240
314 292 337
241 227 270
270 294 241
227 250 270
270 250 293
359 382 337
404 382 359
312 335 358
358 336 312
312 267 291
291 335 312
403 425 448
403 380 425
358 380 403
448 426 403
333 310 289
356 333 378
310 333 356
334 379 357
357 311 334
334 356 379
310 356 334
720 742 765
743 788 766
743 765 788
743 697 720
720 765 743
608 630 653
698 677 653
721 743 766
697 743 721
515 470 493
515 493 538
538 561 515
469 446 492
492 514 469
491 512 536
649 627 604
580 602 625
445 423 400
445 467 491
400 422 445
422 467 445
427 382 404
405 382 427
450 405 427
427 472 450
563 541 517
517 540 563
516 540 495
540 517 495
495 517 472
1068 1046 1023
1023 1045 1068
1024 1047 1006
1006 984 1024
920 898 874
943 898 920
920 965 943
874 897 920
988 965 942
942 964 988
942 920 897
965 920 942
942 897 919
919 964 942
966 921 943
1030 1052 1075
872 851 827
896 851 872
872 918 896
895 918 872
850 895 872
872 827 850
645 669 623
623 578 600
600 645 623
623 669 646
623 646 601
601 578 623
351 374 329
329 305 351
18 17 173
173 191 18
173 210 191
173 17 190
190 210 173
299 280 322
322 344 367
323 299 345
367 390 345
299 322 345
345 322 367
458 436 413
413 436 391
413 435 458
413 390 435
482 503 527
527 503 549
549 572 527
527 572 550
527 504 482
550 504 527
230 206 252
230 185 206
325 302 276
276 301 325
370 348 325
348 302 325
325 347 370
325 301 347
300 346 324
300 281 323
323 346 300
10 170 11
10 9 187
187 170 10
188 170 208
208 170 187
169 9 8
8 201 169
187 9 169
281 300 255
218 201 161
218 231 254
218 161 186
186 231 218
273 47 45
45 228 273
318 47 273
273 295 318
271 279 242
242 215 271
316 279 271
271 294 316
241 294 271
271 215 241
181 37 36
36 198 181
198 215 181
199 37 181
181 215 199
182 216 200
182 39 38
200 39 182
38 199 182
199 216 182
243 228 200
200 216 243
295 273 243
243 273 228
272 295 243
243 216 272
773 750 728
728 681 704
728 750 705
705 681 728
728 749 773
704 749 728
774 729 750
774 796 819
750 796 774
819 797 774
774 797 751
751 729 774
613 591 636
636 660 613
568 591 613
613 660 637
613 592 568
637 592 613
569 59 524
479 500 524
524 59 57
524 57 479
524 547 569
500 547 524
387 53 51
51 342 387
432 53 387
387 342 365
385 408 363
317 340 363
363 340 385
363 408 365
363 320 317
365 320 363
475 520 478
452 475 430
385 362 407
407 430 385
407 452 430
407 362 384
478 455 453
408 430 453
453 475 478
430 475 453
410 455 432
410 387 365
432 387 410
365 408 410
408 453 410
410 453 455
659 700 704
704 681 659
659 636 633
659 681 636
655 632 678
678 700 655
610 632 655
700 659 655
633 610 655
655 659 633
855 876 900
876 922 900
923 877 900
900 877 855
858 879 903
903 880 858
948 903 925
925 903 879
857 834 812
812 833 857
766 788 812
788 833 812
953 977 930
862 841 817
840 862 817
969 947 924
1789 1812 1767
1767 1744 1789
1789 1766 1811
1744 1766 1789
1905 1885 1860
1885 1833 1860
1860 1833 1812
130 1903 1918
1918 1903 1882
1882 1902 1918
1883 1903 1919
1883 1904 1859
1919 1904 1883
1930 1902 1872
128 1902 1930
1872 1894 1930
1930 127 128
1930 1894 127
1872 1902 1857
1857 1902 1882
1872 1857 1829
1829 1857 1808
1764 1787 1742
1742 1719 1764
1788 1765 1810
1810 1831 1788
1788 1831 1811
1811 1766 1788
1873 1895 1850
1811 1831 1850
1850 1831 1873
1518 1540 1563
1608 1586 1563
1562 1584 1607
1539 1584 1562
1585 1630 1608
1608 1563 1585
1585 1563 1540
1540 1562 1585
1607 1630 1585
1585 1562 1607
1517 1495 1472
1517 1540 1495
1517 1562 1540
1472 1494 1517
1517 1494 1539
1539 1562 1517
1676 1698 1721
126 1901 125
122 123 1916
1916 1899 122
1880 1899 1916
1900 1880 1916
1916 123 1900
1782 1804 1827
1805 1844 1783
1783 1760 1805
1827 1855 1805
1855 1844 1805
1805 1782 1827
1760 1782 1805
1695 1672 1717
1619 1574 1596
1596 1641 1619
1618 1640 1663
1663 1641 1618
1550 1527 1572
1572 1595 1550
1572 1527 1549
1730 1707 1752
1730 1752 1775
1775 1753 1730
1246 1224 1201
1269 1291 1314
1292 1269 1314
1337 1292 1314
1314 1359 1337
1313 1358 1336
1336 1291 1313
1359 1314 1336
1336 1314 1291
1133 1088 1110
1110 1155 1133
1492 1537 1515
1492 1447 1469
1492 1469 1514
1514 1537 1492
1448 1425 1470
1515 1493 1470
1470 1493 1448
1470 1425 1447
1470 1492 1515
1447 1492 1470
1402 1425 1380
1380 1357 1402
1403 1358 1380
1380 1425 1403
1426 1448 1471
1403 1448 1426
1471 1449 1426
1449 1404 1426
1453 1431 1408
1498 1476 1453
1453 1476 1431
1045 1067 1090
1090 1067 1112
1068 1045 1090
1090 1113 1068
1094 1049 1071
1049 1026 1071
1160 1138 1115
1115 1070 1092
1115 1137 1160
1092 1137 1115
1503 1525 1548
1548 1526 1503
1570 1593 1548
1548 1525 1570
1165 1187 1210
1210 1188 1165
1210 1255 1233
1233 1188 1210
1209 1254 1232
1232 1187 1209
1255 1210 1232
1232 1210 1187
1480 1525 1503
1503 1458 1480
1480 1458 1435
1435 1457 1480
1480 1457 1502
1502 1525 1480
1722 1744 1767
1634 1589 1611
1611 1656 1634
1612 1589 1634
1588 1566 1543
1521 1476 1498
1498 1543 1521
1521 1543 1566
1521 1499 1476
1544 1499 1521
1521 1566 1544
1564 1586 1609
1609 1587 1564
1564 1587 1542
1588 1543 1565
1542 1587 1565
1609 1654 1632
1632 1587 1609
1636 1613 1658
1703 1681 1658
1658 1681 1636
1658 1613 1635
1569 1591 1614
1659 1637 1614
1636 1659 1614
1614 1591 1636
1568 1591 1546
1501 1523 1546
1546 1523 1568
1546 1524 1501
1546 1591 1569
1569 1524 1546
1592 1615 1570
1570 1547 1592
1592 1637 1615
1592 1547 1569
1569 1614 1592
1592 1614 1637
1594 1572 1549
1436 1458 1481
1481 1459 1436
1481 1458 1503
1503 1526 1481
1504 1459 1481
1481 1526 1504
1593 1616 1571
1571 1548 1593
1526 1548 1571
1549 1526 1571
1571 1594 1549
1616 1594 1571
85 1173 87
1218 89 87
87 1173 1218
1060 1105 1083
1083 1038 1060
911 864 887
911 956 933
1001 1038 980
980 956 1001
1001 1060 1038
954 931 909
909 930 954
954 930 977
91 1263 1308
1263 1285 1308
1194 1171 1216
1216 1239 1194
1194 1149 1171
1194 1239 1217
1284 1239 1261
1261 1306 1284
1284 1306 1329
1284 1329 1307
1307 1262 1284
1262 1239 1284
1398 97 95
1443 97 1398
1398 1420 1443
1375 1420 1398
1465 1488 1443
1443 1420 1465
1465 1510 1488
1420 1442 1465
1487 1510 1465
1465 1442 1487
1488 1510 1533
1578 103 1533
1533 103 101
101 1488 1533
1532 1510 1487
1417 1394 1439
1372 1394 1417
1418 1396 1373
1441 1396 1418
1395 1418 1373
1440 1418 1395
1372 1417 1395
1395 1417 1440
1439 1416 1461
1461 1416 1438
1438 1483 1461
1483 1506 1461
1283 1306 1261
1328 1306 1283
1282 1327 1305
1305 1260 1282
1328 1283 1305
1305 1283 1260
1282 1260 1237
1237 1192 1214
1214 1259 1237
1237 1259 1282
933 75 888
888 911 933
864 911 888
888 75 73
1080 1035 1057
1057 1102 1080
1080 1102 1125
1080 1125 1103
887 842 863
817 841 795
773 749 795
817 795 772
772 795 749
998 1034 1057
998 976 1034
953 976 998
1057 1035 998
998 977 953
998 1035 977
993 947 969
1168 1146 1123
1123 1078 1100
1100 1145 1123
1123 1145 1168
1166 1144 1121
1166 1121 1143
1143 1188 1166
1167 1190 1145
1121 1144 1099
1281 1259 1236
1281 1236 1258
1258 1303 1281
1281 1303 1326
1282 1259 1304
1349 1327 1304
1304 1327 1282
1259 1281 1304
1304 1326 1349
1304 1281 1326
1172 1195 1150
1217 1195 1172
1172 1194 1217
1149 1194 1172
1149 1172 1127
1150 1105 1127
1127 1172 1150
1171 1149 1126
1215 1193 1170
1170 1192 1215
1192 1237 1215
1215 1237 1260
1148 1193 1171
1148 1126 1103
1171 1126 1148
1103 1125 1148
1148 1125 1170
1170 1193 1148
1170 1125 1147
1125 1102 1147
1147 1192 1170
1147 1102 1124
1124 1169 1147
1147 1169 1192
1820 1798 1775
1867 1890 1912
1912 1877 1867
1799 1821 1839
1839 1877 1853
1821 1867 1839
1839 1867 1877
153 154 1938
1938 1898 153
1938 1878 1898
1938 154 1913
1913 1878 1938
1711 1734 1689
1689 1666 1711
1689 1712 1667
1734 1712 1689
1642 1687 1665
1665 1687 1710
1758 113 111
1758 1803 113
111 1713 1758
1926 157 158
158 1915 1926
1926 1915 1892
1914 157 1926
1926 1892 1914
1892 1915 1870
1870 1915 1893
1870 1842 1892
1825 1842 1870
1870 1893 1843
1843 1825 1870
1690 1645 1667
1667 1712 1690
1757 1712 1734
1824 1801 1841
1869 1824 1841
1841 1891 1869
1841 1801 1823
1823 1868 1841
1868 1891 1841
1779 1824 1802
1779 1801 1824
1802 1757 1779
1779 1757 1734
1779 1734 1756
1756 1801 1779
1799 1839 1822
1822 1839 1853
1823 1800 1840
1840 1868 1823
1840 1878 1868
1800 1822 1840
1853 1878 1840
1840 1822 1853
1778 1733 1755
1755 1800 1778
1755 1733 1710
1865 1838 1876
1876 1910 1865
1911 150 1924
1924 1890 1911
148 1910 147
1752 1774 1797
1775 1752 1797
1797 1820 1775
1847 1820 1797
1921 141 142
1907 141 1921
1921 1887 1907
1921 142 1908
1908 1887 1921
1863 1816 1836
1836 1887 1863
1863 1887 1908
1908 1888 1863
1836 1793 1815
1815 1793 1770
1907 1887 1862
1862 1874 1907
1862 1887 1836
1836 1815 1862
1851 1886 1896
1896 1874 1851
1771 1726 1748
1748 1793 1771
1748 1726 1703
1770 1793 1748
1794 1817 1772
1794 1749 1771
1772 1749 1794
1771 1816 1794
1909 1888 1922
1922 144 1909
143 144 1922
1908 143 1922
1922 1888 1908
1705 1660 1682
1682 1727 1705
1683 1660 1705
107 1623 1668
1668 109 107
1713 109 1668
1668 1690 1713
1668 1623 1645
1645 1690 1668
1622 1577 1599
1487 1464 1509
1509 1532 1487
1329 1306 1351
1351 1306 1328
1351 1328 1373
1373 1396 1351
44 46 251
251 217 44
251 46 296
296 274 251
251 274 229
229 217 251
972 927 949
972 995 950
950 927 972
838 816 793
838 860 883
793 815 838
815 860 838
793 816 771
771 748 793
798 816 839
775 752 798
752 771 798
798 771 816
950 995 973
973 995 1018
996 1018 1041
996 973 1018
951 973 996
839 816 861
883 906 861
861 838 883
816 838 861
76 926 74
949 926 971
78 1016 971
971 76 78
926 76 971
74 926 881
881 72 74
836 72 881
881 926 904
1129 1107 1084
1129 1152 1107
1084 1106 1129
84 86 1151
1151 1106 84
1151 1129 1106
1151 86 1196
1332 1355 1310
1332 1377 1355
1310 1287 1332
1354 1377 1332
1332 1287 1309
1309 1354 1332
1176 1199 1154
1154 1131 1176
1154 1109 1131
1407 1385 1362
1450 1428 1405
1450 1405 1427
1427 1472 1450
1472 1495 1450
1451 1428 1473
1428 1450 1473
1473 1495 1518
1473 1450 1495
1715 1693 1670
1606 1628 1651
1606 1584 1561
1561 1538 1583
1583 1606 1561
1628 1606 1583
1605 1628 1583
1560 1605 1583
1583 1538 1560
1674 1652 1629
1651 1674 1629
1607 1584 1629
1629 1652 1607
1629 1606 1651
1584 1606 1629
1697 1652 1674
1697 1719 1742
1674 1719 1697
1697 1742 1720
1720 1675 1697
1675 1652 1697
1651 1673 1696
1696 1674 1651
1696 1719 1674
1467 1490 1445
1400 1422 1445
1445 1422 1467
1445 1423 1400
1445 1490 1468
1468 1423 1445
1469 1446 1491
1491 1536 1514
1514 1469 1491
1491 1513 1536
1491 1446 1468
1468 1513 1491
1691 108 110
1646 108 1691
1691 1669 1646
1691 1714 1669
638 683 662
662 616 638
639 616 662
662 684 639
708 684 730
730 752 775
754 731 776
685 664 640
709 664 685
685 731 709
708 731 685
685 663 708
640 663 685
733 687 710
643 620 666
666 620 642
642 687 666
939 917 894
894 849 870
871 917 895
850 826 871
871 895 850
871 894 917
826 849 871
849 894 871
757 735 712
712 734 757
804 825 849
804 849 826
826 781 804
462 440 417
417 439 462
486 462 507
440 462 486
395 418 373
395 440 418
417 440 395
461 484 506
461 439 416
460 484 438
438 415 460
393 415 438
438 416 393
438 461 416
484 461 438
419 441 464
464 442 419
488 442 464
464 509 488
463 441 418
418 440 463
463 486 508
440 486 463
284 259 246
304 259 284
284 327 304
246 258 284
285 259 304
285 305 260
285 260 234
234 259 285
283 326 303
303 258 283
303 284 258
327 284 303
353 398 376
399 354 376
331 353 376
376 354 331
421 466 444
421 444 399
399 376 421
421 376 398
443 398 420
420 465 443
466 421 443
443 421 398
487 532 509
509 464 487
487 464 441
508 532 487
487 463 508
441 463 487
644 622 599
622 577 599
667 644 621
621 643 667
644 599 621
621 599 576
621 598 643
621 576 598
624 602 579
534 556 579
601 624 579
579 556 601
625 602 647
624 670 647
647 602 624
1096 1119 1074
1074 1051 1096
1096 1051 1073
1073 1118 1096
329 352 306
306 286 329
261 286 306
287 262 247
287 307 262
247 261 287
261 306 287
164 27 204
27 177 204
249 225 204
204 225 164
204 224 249
204 177 224
355 400 378
355 377 400
378 333 355
695 718 741
695 741 719
719 674 695
695 674 650
829 852 874
807 852 829
874 853 829
853 808 829
762 785 740
762 808 785
496 541 518
518 473 496
496 473 450
496 517 541
450 472 496
472 517 496
196 179 31
31 30 196
196 30 178
196 213 239
178 213 196
239 214 196
214 179 196
33 165 34
239 267 278
278 268 239
267 312 278
278 312 336
313 359 337
336 359 313
337 292 313
292 268 313
313 278 336
268 278 313
292 314 269
226 240 269
269 240 292
269 314 293
269 250 226
293 250 269
337 382 360
360 314 337
360 382 405
315 339 294
294 270 315
315 270 293
381 336 358
381 359 336
358 403 381
381 403 426
426 404 381
404 359 381
378 423 401
401 356 378
401 423 446
379 356 401
401 424 379
446 424 401
290 334 311
290 266 249
290 311 266
310 334 290
249 265 290
265 310 290
787 765 742
787 764 810
742 764 787
877 901 856
744 721 766
698 721 744
790 767 813
813 834 858
745 767 790
790 768 745
745 768 723
654 632 609
678 632 654
631 586 608
608 653 631
631 653 677
677 654 631
609 586 631
631 654 609
698 653 676
676 721 698
676 653 630
697 721 676
676 630 652
652 697 676
448 470 494
470 515 494
468 492 446
446 423 468
468 445 491
423 445 468
558 536 512
581 536 558
558 512 535
535 580 558
582 604 627
582 605 560
627 605 582
492 468 513
491 536 513
513 468 491
649 604 626
626 604 581
535 511 557
557 580 535
602 580 557
557 511 534
534 579 557
557 579 602
516 495 471
471 426 448
471 494 516
448 494 471
472 427 449
449 495 472
449 427 404
449 471 495
449 404 426
426 471 449
959 982 1004
1004 983 959
1045 1023 1004
1023 983 1004
936 982 959
959 983 937
757 734 779
779 803 757
1069 1024 1046
1069 1091 1114
1046 1091 1069
1047 1024 1069
1114 1092 1069
1092 1047 1069
916 894 870
939 894 916
870 893 916
916 893 938
944 922 899
967 922 944
899 921 944
921 966 944
943 965 989
989 966 943
373 418 396
396 351 373
418 441 396
396 441 419
419 374 396
374 351 396
280 253 298
298 322 280
344 322 298
321 344 298
323 345 368
368 345 390
390 413 368
368 413 391
368 346 323
391 346 368
275 230 252
253 230 275
252 297 275
275 297 321
321 298 275
275 298 253
207 230 253
207 253 231
168 185 207
185 230 207
186 168 207
207 231 186
209 188 233
188 208 233
233 257 209
276 257 233
256 301 276
276 233 256
256 233 208
281 255 244
201 218 244
244 254 281
244 218 254
232 208 187
232 256 208
384 406 429
429 407 384
452 407 429
406 451 429
452 429 474
474 429 451
497 519 474
474 451 497
520 475 498
475 452 498
543 520 498
452 474 498
498 519 543
498 474 519
1012 991 967
1013 992 968
968 991 1013
953 930 908
880 903 908
908 948 953
908 903 948
880 840 835
790 813 835
858 880 835
835 813 858
794 840 817
817 772 794
794 772 768
794 768 790
790 835 794
794 835 840
885 840 880
880 908 885
885 908 930
885 930 909
909 862 885
862 840 885
902 924 947
947 925 902
902 879 857
902 925 879
901 924 878
878 856 901
833 856 878
924 902 878
857 833 878
878 902 857
1861 1833 1885
1861 1885 1906
1906 1886 1861
1767 1812 1790
1812 1833 1790
130 1918 129
129 1902 128
129 1918 1902
1859 1810 1830
1830 1883 1859
1810 1787 1830
1882 1903 1858
1903 1883 1858
1883 1830 1858
1763 1808 1786
1743 1788 1766
1721 1698 1743
1743 1766 1721
1743 1698 1720
1720 1765 1743
1765 1788 1743
1884 1932 1905
1905 1860 1884
1884 1895 1932
1884 1850 1895
1698 1676 1653
1608 1630 1653
1675 1698 1653
1653 1630 1675
1631 1586 1608
1608 1653 1631
1631 1653 1676
1609 1586 1631
1631 1654 1609
1631 1676 1654
1929 126 127
127 1894 1929
1929 1894 1871
1871 1901 1929
1901 126 1929
1781 1804 1759
1804 1782 1759
1716 1761 1739
1664 1687 1642
1642 1619 1664
1664 1619 1641
1641 1663 1686
1686 1664 1641
1684 1707 1662
1708 1730 1753
1708 1753 1731
1731 1686 1708
1708 1686 1663
1178 1133 1155
1178 1201 1156
1156 1133 1178
1112 1134 1157
1157 1202 1180
1156 1134 1111
1066 1088 1111
1111 1133 1156
1088 1133 1111
1089 1134 1112
1112 1067 1089
1089 1067 1044
1089 1044 1066
1066 1111 1089
1089 1111 1134
1313 1290 1335
1335 1358 1313
1335 1380 1358
1290 1312 1335
1312 1357 1335
1357 1380 1335
1359 1336 1381
1381 1404 1359
1381 1426 1404
1381 1336 1358
1381 1358 1403
1403 1426 1381
1135 1090 1112
1135 1157 1180
1112 1157 1135
1113 1090 1135
1180 1158 1135
1158 1113 1135
1094 1071 1116
1161 1139 1116
1116 1139 1094
1116 1138 1161
1070 1115 1093
1093 1115 1138
1138 1116 1093
1093 1116 1071
1255 1232 1277
1322 1300 1277
1277 1300 1255
1277 1232 1254
1277 1299 1322
1277 1254 1299
1744 1722 1699
1654 1676 1699
1721 1744 1699
1699 1676 1721
1700 1723 1678
1678 1656 1633
1586 1564 1541
1518 1563 1541
1541 1563 1586
1633 1588 1610
1588 1565 1610
1610 1565 1587
1587 1632 1610
1639 1661 1684
1684 1662 1639
1639 1616 1661
1639 1594 1616
1060 1001 1037
977 1035 999
999 954 977
91 1308 93
1353 1398 95
95 93 1353
1353 93 1308
1375 1398 1353
1577 1600 1555
1555 1532 1577
1510 1532 1555
1555 1600 1578
1578 1533 1555
1555 1533 1510
1439 1461 1484
1484 1461 1506
1440 1417 1462
1462 1417 1439
1439 1484 1462
1462 1484 1507
1238 1283 1261
1261 1216 1238
1216 1193 1238
1193 1215 1238
1260 1283 1238
1238 1215 1260
1350 1305 1327
1350 1327 1372
1372 1395 1350
1350 1395 1373
1373 1328 1350
1328 1305 1350
819 864 843
864 888 843
843 797 819
843 888 73
843 73 71
71 797 843
886 863 841
841 862 886
909 931 886
886 862 909
818 863 842
818 796 773
842 796 818
773 795 818
841 863 818
818 795 841
727 772 749
704 700 727
727 749 704
727 700 723
723 768 727
768 772 727
970 976 948
948 925 970
970 925 947
947 993 970
1056 1079 1034
1100 1078 1055
1101 1123 1146
1078 1123 1101
1101 1056 1078
1101 1146 1124
1124 1079 1101
1079 1056 1101
1144 1166 1189
1189 1167 1144
1122 1145 1100
1122 1167 1145
1144 1167 1122
1122 1099 1144
1149 1127 1104
1104 1126 1149
1103 1126 1081
1081 1104 1059
1126 1104 1081
1798 1820 1848
1821 1798 1848
1848 1867 1821
1890 1867 1848
1866 1820 1847
1866 1911 1890
1890 1848 1866
1866 1848 1820
1710 1733 1688
1688 1665 1710
1711 1666 1688
1688 1733 1711
1735 1758 1713
1713 1690 1735
1735 1690 1712
1712 1757 1735
1777 1754 1799
1799 1822 1777
1777 1822 1800
1800 1755 1777
1819 1865 1847
1838 1865 1819
1847 1797 1819
1819 1797 1774
1796 1838 1819
1819 1774 1796
1889 1865 1910
1911 1866 1889
1847 1865 1889
1889 1866 1847
150 1911 149
1770 1747 1792
1792 1815 1770
1725 1747 1770
1770 1748 1725
1725 1748 1703
1725 1702 1747
1657 1635 1612
1612 1634 1657
1747 1702 1724
1817 1794 1846
1864 1817 1846
1846 1888 1864
1846 1794 1816
1816 1863 1846
1846 1863 1888
1750 1705 1727
1772 1795 1750
1750 1727 1772
1486 1508 1531
1531 1509 1486
1486 1464 1441
1486 1509 1464
1463 1418 1440
1508 1486 1463
1441 1418 1463
1463 1486 1441
1440 1462 1485
1485 1462 1507
1485 1463 1440
1508 1463 1485
1666 1689 1644
1644 1689 1667
1644 1667 1622
1622 1599 1644
1554 1509 1531
1554 1599 1577
1577 1532 1554
1532 1509 1554
1329 1351 1374
1374 1419 1397
1374 1396 1419
1374 1351 1396
1397 1352 1374
1352 1329 1374
994 1016 1039
994 972 949
949 971 994
994 971 1016
1017 1039 1062
995 972 1017
1017 994 1039
972 994 1017
1062 1040 1017
1040 995 1017
748 771 726
726 683 703
703 748 726
726 771 752
884 865 839
884 906 929
839 861 884
884 861 906
839 865 820
775 798 820
820 798 839
951 906 928
928 973 951
928 906 883
950 973 928
928 905 950
883 905 928
1041 1064 1019
1019 996 1041
1019 1064 1042
907 884 929
865 884 907
907 889 865
934 889 907
814 836 859
836 881 859
859 837 814
859 881 904
859 904 882
882 837 859
1152 1129 1174
1174 1196 1219
1174 1151 1196
1129 1151 1174
1174 1219 1197
1197 1152 1174
1177 1199 1222
1177 1154 1199
1429 1406 1451
1738 1760 1783
1738 1715 1760
1693 1715 1738
1716 1693 1738
1738 1761 1716
1783 1761 1738
1670 1647 1692
1692 1715 1670
1647 1669 1692
1669 1714 1692
1718 1696 1673
1718 1673 1695
1736 1691 110
110 112 1736
1736 112 1781
1714 1691 1736
1781 1759 1736
1736 1759 1714
800 777 754
754 776 800
708 730 753
753 730 775
753 731 708
753 776 731
732 709 754
754 777 732
733 710 755
755 778 733
801 778 755
777 801 755
755 732 777
710 732 755
643 666 688
734 712 688
667 643 688
688 712 667
733 778 756
756 779 734
689 712 735
689 735 713
689 644 667
667 712 689
668 644 689
689 713 668
780 803 825
825 804 780
780 735 757
757 803 780
758 804 781
758 736 713
758 781 736
758 780 804
713 735 758
735 780 758
485 462 439
506 530 485
485 530 507
507 462 485
485 461 506
439 461 485
553 576 531
507 553 531
531 486 507
508 486 531
350 395 373
304 327 350
328 285 304
305 285 328
328 350 373
304 350 328
373 351 328
328 351 305
326 371 349
349 303 326
349 371 394
327 303 349
511 466 489
466 443 489
534 511 489
489 443 465
489 510 534
489 465 510
554 599 577
554 532 508
577 532 554
508 531 554
576 599 554
554 531 576
692 647 670
692 670 715
715 738 692
1119 1096 1141
1186 1164 1141
1141 1164 1119
1141 1096 1118
1141 1163 1186
1141 1118 1163
375 353 330
330 352 375
353 307 330
307 287 330
330 306 352
330 287 306
263 308 277
277 236 263
264 236 277
377 355 332
308 354 332
354 377 332
332 277 308
718 695 673
694 718 673
650 627 673
673 695 650
649 694 673
673 627 649
716 692 738
672 626 648
672 694 649
649 626 672
205 34 165
205 250 227
205 165 226
226 250 205
405 428 383
383 360 405
428 406 383
877 856 832
855 877 832
810 855 832
832 787 810
811 856 833
788 765 811
811 833 788
811 832 856
765 787 811
787 832 811
767 744 789
789 813 767
834 813 789
789 812 834
766 812 789
789 744 766
767 745 722
722 744 767
722 677 698
698 744 722
699 654 677
677 722 699
699 722 745
699 745 723
723 678 699
678 654 699
539 494 515
539 561 584
539 515 561
584 562 539
539 562 516
516 494 539
603 558 580
625 648 603
603 580 625
648 626 603
581 558 603
603 626 581
537 582 560
560 514 537
514 492 537
492 513 537
1005 1023 1046
1005 983 1023
1046 1024 1005
1005 1024 984
1022 1004 982
1022 982 1003
1022 1067 1045
1045 1004 1022
1022 1003 1044
1044 1067 1022
891 868 846
981 1002 1021
1021 1003 981
1003 982 958
982 936 958
958 981 1003
959 937 914
914 936 959
868 891 914
914 891 936
868 914 892
892 914 937
803 779 824
869 893 848
848 824 869
803 824 848
848 893 870
870 825 848
825 803 848
1006 985 961
961 984 1006
985 939 961
939 916 961
961 938 984
961 916 938
990 944 966
967 944 990
990 1012 967
1030 1012 990
1010 989 965
1010 965 988
1010 988 1028
1028 1051 1010
966 989 1011
1011 990 966
1052 1030 1011
1030 990 1011
1121 1099 1076
1099 1054 1076
1032 992 1013
1013 1054 1032
301 256 282
324 301 282
282 232 255
256 232 282
282 300 324
282 255 300
219 244 255
255 232 219
219 169 201
201 244 219
187 169 219
219 232 187
1075 1120 1098
1098 1120 1143
1143 1121 1098
1121 1076 1098
946 968 992
946 992 969
946 901 923
923 968 946
969 924 946
946 924 901
991 968 945
967 991 945
923 900 945
945 968 923
945 922 967
945 900 922
1833 1861 1813
1768 1790 1813
1813 1790 1833
1700 1722 1745
1745 1723 1700
1745 1722 1767
1767 1790 1745
1768 1723 1745
1745 1790 1768
1856 1871 1828
1828 1806 1856
1871 1894 1849
1849 1828 1871
1807 1828 1849
1849 1894 1872
1872 1829 1849
1829 1807 1849
1695 1717 1740
1763 1718 1740
1740 1718 1695
1719 1696 1741
1741 1764 1719
1741 1786 1764
1763 1786 1741
1741 1718 1763
1696 1718 1741
1845 1786 1808
1845 1857 1882
1808 1857 1845
1882 1858 1845
1832 1860 1812
1832 1884 1860
1812 1789 1832
1832 1789 1811
1811 1850 1832
1850 1884 1832
1694 1671 1716
1716 1739 1694
1694 1717 1672
1694 1739 1717
1717 1739 1762
1762 1740 1717
1731 1754 1709
1709 1686 1731
1664 1686 1709
1687 1664 1709
1685 1663 1640
1685 1708 1663
1730 1708 1685
1707 1730 1685
1640 1662 1685
1685 1662 1707
1200 1178 1155
1222 1245 1200
1200 1177 1222
1155 1177 1200
1179 1157 1134
1179 1134 1156
1179 1224 1202
1202 1157 1179
1156 1201 1179
1179 1201 1224
1520 1543 1498
1520 1565 1543
1542 1565 1520
1520 1497 1542
1385 1407 1430
1408 1385 1430
1430 1453 1408
1048 1025 1070
1070 1093 1048
1048 1071 1026
1048 1093 1071
1677 1699 1722
1677 1722 1700
1677 1632 1654
1654 1699 1677
1474 1429 1451
1655 1610 1632
1655 1677 1700
1632 1677 1655
1633 1610 1655
1655 1678 1633
1700 1678 1655
1572 1594 1617
1594 1639 1617
1617 1639 1662
1595 1572 1617
1640 1595 1617
1617 1662 1640
1082 1127 1105
1105 1060 1082
1060 1037 1082
1082 1037 1059
1059 1104 1082
1082 1104 1127
1059 1037 1000
932 911 887
956 911 932
1036 1081 1059
1059 1000 1036
1375 1353 1330
1330 1285 1307
1330 1308 1285
1330 1353 1308
1307 1352 1330
1352 1375 1330
1529 1484 1506
1551 1574 1529
1529 1506 1551
1507 1484 1529
1597 1619 1642
1574 1619 1597
1643 1688 1666
1665 1688 1643
1078 1056 1033
1033 1055 1078
1015 1056 1034
1034 976 1015
976 970 1015
1015 970 993
993 1033 1015
1015 1033 1056
1211 1189 1166
1211 1166 1188
1256 1234 1211
1234 1189 1211
1233 1256 1211
1211 1188 1233
1167 1189 1212
1190 1167 1212
1212 1234 1257
1212 1189 1234
1212 1257 1235
1235 1190 1212
1103 1081 1058
1058 999 1035
1058 1036 999
1081 1036 1058
1058 1080 1103
1035 1080 1058
1803 1758 1780
1758 1735 1780
1802 1825 1780
1780 1825 1803
1780 1757 1802
1780 1735 1757
1732 1755 1710
1732 1777 1755
1710 1687 1732
1687 1709 1732
1754 1777 1732
1732 1709 1754
1911 1889 1923
1923 149 1911
1923 1889 1910
148 149 1923
1910 148 1923
1815 1792 1835
1874 1862 1835
1835 1862 1815
1835 1851 1874
1702 1725 1680
1635 1657 1680
1680 1657 1702
1680 1658 1635
1703 1658 1680
1680 1725 1703
1702 1657 1679
1679 1724 1702
1679 1657 1634
1679 1634 1656
1656 1678 1701
1701 1678 1723
1701 1679 1656
1724 1679 1701
1683 1705 1728
1705 1750 1728
1728 1706 1683
1728 1751 1706
1530 1485 1507
1508 1485 1530
707 662 683
683 726 707
707 726 752
684 662 707
752 730 707
707 730 684
844 889 866
844 820 865
865 889 844
996 1019 974
929 951 974
951 996 974
1154 1177 1132
1087 1109 1132
1109 1154 1132
1110 1087 1132
1132 1155 1110
1132 1177 1155
1339 1361 1384
1384 1362 1339
1361 1406 1384
1406 1429 1384
1384 1407 1362
1384 1429 1407
1715 1692 1737
1737 1782 1760
1760 1715 1737
1737 1692 1714
1714 1759 1737
1737 1759 1782
821 800 776
821 844 866
777 800 822
846 801 822
822 801 777
686 732 710
686 664 709
709 732 686
734 688 711
711 688 666
711 756 734
733 756 711
711 687 733
711 666 687
372 350 327
395 350 372
417 395 372
372 394 417
372 349 394
327 349 372
264 277 309
277 332 309
309 289 264
309 333 289
309 355 333
309 332 355
807 829 784
784 829 808
808 762 784
647 692 671
692 716 671
625 647 671
671 648 625
693 672 648
648 671 693
693 671 716
35 34 180
34 205 180
180 205 227
227 198 180
198 35 180
361 383 406
361 406 384
384 339 361
339 315 361
360 383 338
293 314 338
314 360 338
383 361 338
338 315 293
338 361 315
604 582 559
582 537 559
559 537 513
581 604 559
559 536 581
559 513 536
960 937 983
983 1005 960
984 938 960
960 1005 984
1002 981 957
957 975 1002
957 934 975
936 891 913
913 958 936
868 892 847
847 892 869
869 824 847
1029 1011 989
989 1010 1029
1074 1052 1029
1052 1011 1029
1029 1051 1074
1029 1010 1051
991 1012 1031
1013 991 1031
1031 1054 1013
1031 1076 1054
1077 1032 1054
1077 1054 1099
1099 1122 1077
1055 1032 1077
1100 1055 1077
1077 1122 1100
1768 1813 1791
1834 1861 1886
1834 1813 1861
1834 1791 1813
1886 1851 1834
1784 1761 1806
1806 1828 1784
1784 1739 1761
1784 1762 1739
1784 1828 1807
1807 1762 1784
1763 1740 1785
1785 1808 1763
1785 1829 1808
1740 1762 1785
1785 1807 1829
1785 1762 1807
1809 1858 1830
1809 1845 1858
1787 1764 1809
1809 1830 1787
1764 1786 1809
1786 1845 1809
1649 1627 1604
1604 1626 1649
1649 1672 1627
1649 1694 1672
1626 1671 1649
1671 1694 1649
1178 1200 1223
1201 1178 1223
1223 1245 1268
1223 1200 1245
1223 1268 1246
1246 1201 1223
1453 1430 1475
1498 1453 1475
1475 1520 1498
1497 1520 1475
1007 986 962
962 985 1007
1007 1026 986
1007 1048 1026
985 1025 1007
1025 1048 1007
1497 1474 1519
1519 1564 1542
1542 1497 1519
1519 1541 1564
979 1000 1037
979 1037 1001
979 1001 956
956 932 979
978 1036 1000
931 954 978
954 999 978
999 1036 978
1665 1643 1620
1575 1597 1620
1642 1665 1620
1620 1597 1642
1531 1508 1553
1508 1530 1553
1553 1530 1575
1014 993 969
1014 1033 993
1055 1033 1014
969 992 1014
992 1032 1014
1014 1032 1055
1751 1728 1773
1773 1818 1796
1796 1751 1773
1773 1728 1750
1795 1818 1773
1773 1750 1795
1552 1597 1575
1575 1530 1552
1552 1530 1507
1507 1529 1552
1552 1529 1574
1574 1597 1552
820 844 799
775 820 799
799 753 775
776 753 799
799 821 776
844 821 799
997 1019 1042
997 974 1019
1042 1020 997
997 1020 975
665 686 710
642 619 665
665 687 642
665 710 687
619 596 641
641 665 619
686 665 641
664 686 641
641 596 618
618 664 641
807 784 761
761 716 738
761 783 807
761 738 783
672 693 717
717 762 740
740 694 717
694 672 717
739 693 716
716 761 739
739 761 784
739 784 762
762 717 739
739 717 693
915 960 938
915 893 869
938 893 915
937 960 915
869 892 915
915 892 937
868 847 823
846 868 823
823 801 846
823 778 801
1053 1098 1076
1076 1031 1053
1053 1031 1012
1053 1012 1030
1053 1030 1075
1075 1098 1053
1851 1835 1814
1814 1835 1792
1814 1834 1851
1791 1834 1814
1724 1701 1746
1746 1701 1723
1746 1723 1768
1768 1791 1746
1497 1475 1452
1452 1475 1430
1452 1430 1407
1407 1429 1452
1452 1474 1497
1429 1474 1452
1541 1519 1496
1496 1519 1474
1496 1474 1451
1451 1473 1496
1496 1473 1518
1518 1541 1496
1000 979 955
931 978 955
955 978 1000
955 979 932
1531 1553 1576
1576 1554 1531
1599 1554 1576
974 997 952
952 907 929
929 974 952
934 907 952
975 934 952
952 997 975
867 890 913
867 913 891
867 891 846
846 822 867
866 890 845
845 821 866
800 821 845
845 822 800
845 867 822
890 867 845
912 890 866
934 957 912
866 889 912
912 889 934
935 957 981
913 890 935
935 912 957
890 912 935
981 958 935
958 913 935
802 823 847
802 847 824
802 756 778
778 823 802
779 756 802
802 824 779
1791 1814 1769
1769 1746 1791
1724 1746 1769
1747 1724 1769
1769 1792 1747
1769 1814 1792
910 955 932
887 863 910
910 932 887
863 886 910
910 886 931
931 955 910
1598 1576 1553
1598 1620 1643
1575 1620 1598
1598 1553 1575
1599 1576 1621
1666 1644 1621
1621 1644 1599
1621 1643 1666
1621 1598 1643
1576 1598 1621
